0.0628319 0.000564484 -0.844421 -0.000614343 -0.844394
0.188496 0.00045402 -0.664714 -0.000391037 -0.664701
0.314159 0.000511552 -0.555771 -0.000605667 -0.555701
0.439823 0.000355283 -0.484318 -0.000418716 -0.48427
0.565487 0.000307082 -0.434968 -0.000338074 -0.434848
0.69115 0.000400167 -0.398843 -0.000373138 -0.399119
0.816814 0.000188087 -0.371602 -0.000239484 -0.37167
0.942478 0.000332197 -0.34975 -0.000264718 -0.349773
1.06814 0.000259514 -0.331622 -0.0001949 -0.331489
1.19381 0.000325411 -0.316249 -0.00043647 -0.316181
1.31947 1.03523e-05 -0.302706 -0.000321972 -0.302819
1.44513 -3.66971e-05 -0.290719 -0.000264265 -0.29105
1.5708 -5.14975e-05 -0.280011 -0.000218688 -0.280042
1.69646 0.000185541 -0.270469 -0.000193317 -0.270198
1.82212 0.000171666 -0.260886 -3.13767e-06 -0.260813
1.94779 0.000168362 -0.252629 -0.000173909 -0.252154
2.07345 0.000196902 -0.244406 -0.000140894 -0.244376
2.19911 3.17251e-05 -0.23692 3.70925e-05 -0.236958
2.32478 -5.18479e-05 -0.230156 -4.47164e-05 -0.22991
2.45044 0.000164409 -0.223379 -2.15241e-05 -0.223147
2.57611 -6.91462e-07 -0.216935 0.000271176 -0.217045
2.70177 -0.000140634 -0.211011 -7.16359e-06 -0.211217
2.82743 5.1447e-06 -0.205806 -1.70784e-05 -0.205614
2.9531 0.000377291 -0.200349 -6.6028e-05 -0.200386
3.07876 0.000196811 -0.195159 0.000149081 -0.195408
3.20442 0.000320243 -0.190498 0.000111945 -0.190454
3.33009 -3.43708e-05 -0.186063 0.00013014 -0.185818
3.45575 0.000224647 -0.181654 -1.39657e-05 -0.18158
3.58142 0.00025113 -0.177577 -0.00014899 -0.177546
3.70708 0.000113844 -0.173572 -7.2897e-05 -0.173703
3.83274 3.00219e-05 -0.169721 -4.62096e-05 -0.169882
3.95841 -0.000265315 -0.166209 0.000101341 -0.166076
4.08407 -0.000314569 -0.162924 2.34197e-05 -0.16276
4.20973 -7.02562e-05 -0.159634 -0.000104199 -0.159646
4.3354 -0.000143396 -0.156299 -0.000158522 -0.156338
4.46106 -3.97899e-05 -0.153593 0.000157117 -0.153492
4.58673 -7.10369e-05 -0.150741 0.000108745 -0.150632
4.71239 -4.35811e-05 -0.148003 0.000106491 -0.147996
4.83805 2.86367e-05 -0.145018 -0.000158615 -0.145041
4.96372 -6.11877e-05 -0.14248 1.94032e-05 -0.142438
5.08938 -6.11178e-05 -0.140014 -0.000137143 -0.140067
5.21504 -0.000279261 -0.137584 6.76795e-06 -0.137784
5.34071 -0.000173828 -0.135144 6.70097e-05 -0.135611
5.46637 0.000211709 -0.133068 -6.12521e-05 -0.133243
5.59203 6.37556e-05 -0.131025 0.000394033 -0.131082
5.7177 0.000119214 -0.128793 -1.65293e-05 -0.129084
5.84336 6.72864e-05 -0.127057 -0.000318934 -0.127102
5.96903 0.000263102 -0.125096 -0.000429655 -0.12513
6.09469 0.000199789 -0.123204 -0.000178258 -0.1228
6.22035 0.000150996 -0.121754 -0.000570232 -0.121424
6.34602 -9.59467e-05 -0.119768 -0.000288471 -0.119596
6.47168 0.00010041 -0.118049 -0.00011579 -0.117972
6.59734 0.000124758 -0.116394 -0.000234537 -0.116354
6.72301 4.37562e-05 -0.114844 4.09597e-05 -0.114728
6.84867 -3.85389e-05 -0.113415 -0.000390466 -0.113273
6.97434 -0.000153533 -0.111814 -0.00019275 -0.111805
7.1 9.66424e-07 -0.110302 -0.000224937 -0.110319
7.22566 -9.74536e-05 -0.108713 -0.000153187 -0.108954
7.35133 -4.5729e-05 -0.107228 -0.000137699 -0.107369
7.47699 -6.14437e-05 -0.106142 -0.000449482 -0.106137
7.60265 -4.51775e-05 -0.104562 -0.000147206 -0.105048
7.72832 -0.00011959 -0.103446 -0.000371696 -0.103547
7.85398 -0.000254426 -0.102166 -0.000406186 -0.102356
7.97965 2.1872e-05 -0.100893 -0.000176042 -0.101217
8.10531 -0.000145524 -0.0996735 7.35974e-05 -0.0998807
8.23097 9.2318e-05 -0.0986307 0.000148301 -0.0986014
8.35664 -7.74001e-05 -0.0975374 0.000133564 -0.097591
8.4823 -4.99671e-05 -0.0965657 0.000104167 -0.0963649
8.60796 0.000178726 -0.0953753 1.38648e-05 -0.095297
8.73363 1.68313e-05 -0.0942776 -0.000103599 -0.0943045
8.85929 8.01572e-05 -0.0932926 0.000201134 -0.0933606
8.98495 6.28172e-06 -0.0921012 -0.000196272 -0.0923972
9.11062 0.00025394 -0.0910707 -0.000281978 -0.0913082
9.23628 0.00010781 -0.0902409 -0.000187705 -0.0900529
9.36195 2.71739e-05 -0.0892689 -0.000165026 -0.0891827
9.48761 4.48192e-05 -0.088315 0.000130516 -0.0882485
9.61327 8.5965e-05 -0.0875639 -6.75429e-06 -0.0872548
9.73894 0.000286906 -0.0866357 -0.000304129 -0.0863396
9.8646 0.00014689 -0.0858977 -9.53848e-06 -0.0857774
9.99026 -3.85799e-05 -0.0847085 -6.20117e-05 -0.0848734
10.1159 -5.58826e-05 -0.0839495 -0.000285714 -0.0840384
10.2416 6.38064e-05 -0.0832224 -0.00023001 -0.0834432
10.3673 0.000384902 -0.0827942 -0.000210519 -0.0825651
10.4929 0.00012359 -0.0816684 -0.000222715 -0.081774
10.6186 0.00032758 -0.0808539 -0.00026794 -0.0810566
10.7442 -4.67504e-05 -0.0800813 5.28872e-05 -0.0801495
10.8699 -1.22606e-05 -0.0793701 -0.000170461 -0.0793862
10.9956 -0.000261556 -0.0786906 -8.85979e-05 -0.078553
11.1212 -0.000477822 -0.0778123 -0.000259382 -0.0779997
11.2469 -0.000146658 -0.0770899 -0.000327112 -0.0773786
11.3726 -0.000284911 -0.0766736 4.03714e-05 -0.0765529
11.4982 -5.45714e-05 -0.0761196 -8.15582e-05 -0.0756423
11.6239 9.34231e-05 -0.075242 -0.000102388 -0.0751972
11.7496 0.000144452 -0.0747021 -7.78758e-05 -0.0745082
11.8752 -6.63624e-05 -0.0739998 -1.38624e-05 -0.0737346
12.0009 4.46551e-05 -0.0733681 1.5646e-05 -0.0734001
12.1265 -9.96609e-05 -0.072501 -0.000125339 -0.0728644
12.2522 -5.9702e-05 -0.0721499 -0.000320157 -0.0719872
12.3779 6.54128e-05 -0.0716673 -0.000177118 -0.0712984
12.5035 0.000235447 -0.0709556 -0.000140397 -0.0707499
12.6292 0.00021296 -0.0702759 -0.000347409 -0.0703444
12.7549 -6.36023e-05 -0.0698264 -0.000301405 -0.0695687
12.8805 -0.000168744 -0.0692148 -0.00014887 -0.0693219
13.0062 -8.91546e-06 -0.0687615 -0.000186899 -0.0687716
13.1319 5.35857e-05 -0.0682145 9.13723e-05 -0.0682808
13.2575 0.000357279 -0.0675367 5.56605e-05 -0.06736
13.3832 9.13414e-05 -0.0669357 4.5589e-05 -0.0666678
13.5088 0.000151875 -0.0663663 0.000138676 -0.0663739
13.6345 5.27395e-05 -0.0656672 -8.90391e-05 -0.0657267
13.7602 0.000134877 -0.0654606 0.000121249 -0.0655796
13.8858 0.000372338 -0.0647817 8.63186e-05 -0.0648412
14.0115 1.53825e-05 -0.0644899 -8.98748e-05 -0.0643112
14.1372 8.22083e-05 -0.0642641 0.000106726 -0.0638567
14.2628 7.5313e-06 -0.063601 2.8114e-05 -0.0635606
14.3885 5.91205e-05 -0.0629378 0.000101628 -0.0631707
14.5142 -6.77303e-05 -0.0626208 -8.17828e-05 -0.0623935
14.6398 -8.77736e-05 -0.062288 -0.000436273 -0.0620882
14.7655 5.62739e-05 -0.0617638 -6.40931e-05 -0.0618192
14.8911 0.0001831 -0.0610998 -6.5439e-05 -0.0611065
15.0168 8.67354e-05 -0.0607408 -0.000195992 -0.0607056
15.1425 0.000136277 -0.0601433 0.00012652 -0.0602683
15.2681 -0.000115653 -0.0597306 -3.05978e-05 -0.0599803
15.3938 4.84835e-05 -0.0593995 -0.000178154 -0.0597169
15.5195 9.26689e-05 -0.0590644 -0.00033872 -0.059193
15.6451 3.02637e-05 -0.0584434 7.16049e-05 -0.0585474
15.7708 -0.000102734 -0.0582981 -3.22344e-05 -0.0581803
15.8965 0.00012609 -0.0579746 5.33617e-05 -0.0575347
16.0221 7.65073e-05 -0.0574031 7.42796e-05 -0.0573717
16.1478 6.82997e-05 -0.0570431 6.54323e-05 -0.0570925
16.2734 9.72914e-05 -0.0566755 -0.000113078 -0.0565638
16.3991 0.000166684 -0.0562514 -1.75105e-05 -0.0563204
16.5248 0.000110508 -0.056006 0.000146842 -0.056007
16.6504 -0.000101846 -0.0556839 -0.000122669 -0.0555409
16.7761 7.99195e-05 -0.0551483 -0.000214458 -0.0553279
16.9018 -4.86456e-06 -0.0547384 -4.2887e-05 -0.0548327
17.0274 2.80308e-05 -0.054113 0.000143833 -0.054317
17.1531 -0.000172773 -0.0539536 7.2221e-05 -0.0538009
17.2788 -0.000296862 -0.0535537 0.000177724 -0.0535222
17.4044 -8.31665e-05 -0.0533533 9.94408e-05 -0.0531446
17.5301 0.000144961 -0.0530745 0.000273792 -0.0531777
17.6558 0.000153637 -0.0529358 1.89826e-05 -0.0529253
17.7814 8.87218e-05 -0.0524772 2.84974e-05 -0.0522384
17.9071 -7.01677e-05 -0.0523866 -6.20256e-05 -0.0519895
18.0327 2.352e-05 -0.0520262 -0.000200741 -0.0515231
18.1584 -9.46503e-05 -0.0515993 -4.317e-05 -0.0512687
18.2841 -5.14515e-05 -0.051009 -0.000237304 -0.0510814
18.4097 0.000221826 -0.0506168 -2.55214e-05 -0.0508459
18.5354 0.00019425 -0.0503358 -0.000252721 -0.0505447
18.6611 -9.05745e-05 -0.0499447 -9.61911e-05 -0.0502115
18.7867 0.000166916 -0.0497634 2.93889e-05 -0.049853
18.9124 0.000110857 -0.0494379 0.000202941 -0.0496718
19.0381 0.000185219 -0.0491049 3.09031e-05 -0.0494329
19.1637 0.000136797 -0.0488095 2.52353e-05 -0.0490812
19.2894 0.000222681 -0.0487163 5.20909e-05 -0.0487276
19.415 7.96828e-05 -0.0483014 0.000244896 -0.0482037
19.5407 -0.000141093 -0.0481441 0.000332632 -0.0480521
19.6664 -0.000255664 -0.0477157 0.000213314 -0.0481033
19.792 -7.00487e-05 -0.0476136 -0.000149586 -0.0477036
19.9177 0.00010879 -0.0474347 -5.59822e-05 -0.0473239
20.0434 0.000205442 -0.0470953 -0.000175988 -0.0472029
20.169 0.000194455 -0.046808 -0.000236663 -0.0468378
20.2947 0.000108358 -0.0464723 -3.41206e-05 -0.0465087
20.4204 -0.000170703 -0.04593 0.000263346 -0.0462029
20.546 -0.000100393 -0.0458669 9.88964e-05 -0.0457878
20.6717 2.93016e-05 -0.0456113 -0.000148941 -0.0454494
20.7973 0.000117517 -0.0455061 -0.000151726 -0.0455159
20.923 0.000161502 -0.0453067 -0.000323697 -0.0451535
21.0487 -2.30009e-05 -0.0450665 -0.000238688 -0.0448652
21.1743 1.29125e-05 -0.0450887 -2.50217e-05 -0.0447671
21.3 -5.45751e-05 -0.0448909 -3.46996e-05 -0.044427
21.4257 -3.41017e-06 -0.0445425 0.000270453 -0.0443834
21.5513 0.000119595 -0.0438947 0.000409411 -0.0439332
21.677 0.000253076 -0.0435934 0.00020109 -0.0437611
21.8027 0.000169241 -0.0434396 0.000179278 -0.0435759
21.9283 0.000224792 -0.0437547 0.000436198 -0.0434177
22.054 2.65288e-05 -0.0432766 0.000127298 -0.0430536
22.1796 -0.000138988 -0.0430338 5.22119e-05 -0.0428909
22.3053 1.87318e-05 -0.042818 3.87686e-05 -0.0425866
22.431 2.42809e-05 -0.042534 -5.78099e-05 -0.0423086
22.5566 0.000173962 -0.0423163 -8.26111e-05 -0.0421444
22.6823 -0.000192803 -0.0423356 6.3853e-05 -0.0422976
22.808 -8.57606e-05 -0.0416555 0.000134962 -0.0417238
22.9336 -9.82973e-05 -0.0416813 -3.60256e-05 -0.0414705
23.0593 -0.000315268 -0.0414915 0.000106613 -0.0410036
23.185 5.60048e-05 -0.0413527 0.000232779 -0.0410147
23.3106 6.93377e-05 -0.0408065 0.000186076 -0.0410433
23.4363 8.46103e-05 -0.0407331 7.57866e-05 -0.0406735
23.5619 1.44818e-05 -0.0407018 0.000112721 -0.0404905
23.6876 -0.000133095 -0.0403706 0.000248769 -0.0403326
23.8133 -0.000171971 -0.0402433 5.19877e-05 -0.0403331
23.9389 -0.000149517 -0.0398131 -7.84386e-06 -0.0398925
24.0646 -0.000137824 -0.0398215 0.000202394 -0.0396506
24.1903 -6.44912e-05 -0.0395981 0.000263626 -0.0390885
24.3159 -7.46275e-05 -0.0394959 0.000522655 -0.0391301
24.4416 3.02376e-05 -0.0394289 0.000125859 -0.0393396
24.5673 0.000118914 -0.0391999 -4.764e-06 -0.0389409
24.6929 -3.05188e-05 -0.0391844 2.20836e-05 -0.0386949
24.8186 9.8783e-05 -0.0388281 -8.00046e-05 -0.0384935
24.9442 -6.32699e-05 -0.0387649 0.000105842 -0.0383007
25.0699 2.73925e-05 -0.0384564 8.13412e-05 -0.0382741
25.1956 -1.73144e-05 -0.0381645 1.93009e-05 -0.0380602
25.3212 -0.00011889 -0.0381607 5.35306e-05 -0.0379385
25.4469 -6.79784e-05 -0.0377705 0.000184019 -0.0377194
25.5726 -8.81728e-05 -0.0375822 0.000229973 -0.0372821
25.6982 -0.000143641 -0.0373942 0.000136111 -0.0373815
25.8239 -0.000133615 -0.037302 0.000207974 -0.0370352
25.9496 9.94558e-06 -0.0371413 4.75712e-05 -0.0371127
26.0752 -0.000100083 -0.0371378 6.33622e-05 -0.0367254
26.2009 -5.50495e-05 -0.0369214 0.000146531 -0.0365226
26.3265 -7.52476e-05 -0.0366465 9.37943e-05 -0.0365318
26.4522 3.12989e-05 -0.0366543 -3.08231e-06 -0.0363949
26.5779 0.000133381 -0.0364363 4.44052e-05 -0.0363657
26.7035 0.000334374 -0.0363028 -4.20886e-05 -0.0361377
26.8292 0.000344001 -0.0360144 4.01414e-05 -0.0360516
26.9549 0.000118032 -0.0358996 -0.000205059 -0.0360861
27.0805 -0.000157539 -0.0358891 -0.000238225 -0.0356513
27.2062 -2.4133e-05 -0.0356371 -0.000195297 -0.0353805
27.3319 8.48835e-05 -0.0350954 6.71365e-05 -0.0353398
27.4575 -0.000101739 -0.0352711 1.89284e-05 -0.0352575
27.5832 0.000109029 -0.0351896 -0.000130691 -0.0352272
27.7088 0.000105906 -0.0348475 -6.70074e-06 -0.0349773
27.8345 -0.000249378 -0.0346469 0.000265108 -0.0347375
27.9602 -0.000125005 -0.0344772 1.14327e-05 -0.0347424
28.0858 0.00036845 -0.0343952 6.83323e-05 -0.0344062
28.2115 0.000125332 -0.0343339 -0.000154637 -0.0343715
28.3372 0.000108959 -0.0342077 -0.000185867 -0.0341106
28.4628 0.000155401 -0.0339905 0.000198686 -0.0340444
28.5885 -2.31652e-05 -0.0339735 5.40055e-05 -0.0338607
28.7142 3.56723e-06 -0.0340294 0.000182977 -0.0336831
28.8398 -1.43677e-05 -0.0338324 -2.43178e-05 -0.0336564
28.9655 -3.389e-05 -0.0336368 0.000120921 -0.0335945
29.0911 0.000166644 -0.0336905 -6.15993e-05 -0.0332929
29.2168 0.000208861 -0.0331661 -5.44342e-05 -0.0331365
29.3425 0.000131739 -0.0333528 -2.98679e-05 -0.0332007
29.4681 -0.000131928 -0.0329071 -0.000349689 -0.0329321
29.5938 -0.000106782 -0.0328238 -0.000234914 -0.0327515
29.7195 -5.01192e-05 -0.0326351 -0.000114027 -0.0327183
29.8451 -1.78735e-05 -0.0326881 -6.7305e-05 -0.0326128
29.9708 -2.58507e-05 -0.0328466 0.000102036 -0.0323602
30.0965 0.00011867 -0.0324802 -0.000101951 -0.0323117
30.2221 -0.000231368 -0.0320853 -0.000206974 -0.0322727
30.3478 5.88076e-05 -0.0318593 1.16019e-06 -0.0319977
30.4734 -0.000198209 -0.0317093 -4.4425e-05 -0.0317387
30.5991 -4.23698e-05 -0.0315928 8.33649e-05 -0.0317871
30.7248 5.50602e-05 -0.0316044 -3.00783e-05 -0.0317256
30.8504 3.7232e-05 -0.0312054 -0.000291906 -0.0314051
30.9761 0.000121357 -0.0312927 8.16143e-08 -0.0312362
31.1018 5.87955e-05 -0.0313014 9.7639e-05 -0.0310107
31.2274 2.28928e-05 -0.030857 -5.25025e-05 -0.0308472
31.3531 -8.8864e-05 -0.0307456 0.000114519 -0.0310533
31.4788 0.000190423 -0.0307873 0.000129079 -0.0309856
31.6044 0.000123025 -0.0306675 6.88871e-05 -0.030847
31.7301 9.13981e-05 -0.0305451 0.000250151 -0.0308723
31.8557 0.000142733 -0.0305515 9.31272e-05 -0.0309062
31.9814 -0.000288631 -0.0304464 -7.38549e-05 -0.0306459
32.1071 9.25224e-06 -0.0303185 0.000210244 -0.0303754
32.2327 -0.000177602 -0.0302838 -9.77002e-05 -0.0300698
32.3584 -0.000153481 -0.0300569 -3.13629e-05 -0.0300837
32.4841 -0.000110075 -0.0300603 2.04179e-05 -0.0301135
32.6097 -0.000194397 -0.0301121 3.41532e-05 -0.0300572
32.7354 -0.000160897 -0.0297285 9.1194e-07 -0.0297585
32.8611 -0.000116804 -0.0296925 -8.99499e-05 -0.0294638
32.9867 -4.89557e-05 -0.0294765 -0.000165649 -0.0294782
33.1124 -0.000217386 -0.0294935 -0.000251137 -0.0293325
33.2381 8.43777e-05 -0.0294671 -0.000271898 -0.0293513
33.3637 -2.64366e-05 -0.0293231 -7.77109e-05 -0.0292846
33.4894 0.000153247 -0.0289149 -0.000359668 -0.0290839
33.615 -0.000131467 -0.0287186 0.000178561 -0.028962
33.7407 0.000208888 -0.0288882 0.000168861 -0.029064
33.8664 5.64277e-05 -0.0287137 1.34402e-06 -0.0289831
33.992 0.000182506 -0.0286809 -0.000111866 -0.028769
34.1177 9.19168e-06 -0.0289108 -0.000137407 -0.0287585
34.2434 -0.00010245 -0.0285469 -6.43153e-05 -0.0284298
34.369 -6.74905e-05 -0.0285876 -0.000170952 -0.0283716
34.4947 -7.99403e-05 -0.0283787 8.73972e-05 -0.0281667
34.6204 0.000101387 -0.0280743 -7.42565e-05 -0.0280609
34.746 -0.000200655 -0.0279649 3.99165e-05 -0.0282423
34.8717 -0.00012706 -0.0279779 5.11107e-05 -0.0277742
34.9973 0.000220155 -0.0277764 3.17942e-05 -0.0280129
35.123 5.63775e-05 -0.0279989 -6.24629e-05 -0.0279079
35.2487 -0.000117231 -0.0275644 -0.000158341 -0.0277389
35.3743 -7.26056e-05 -0.027407 -0.000141394 -0.0277964
35.5 -0.000136575 -0.0274729 -1.54252e-05 -0.0276019
35.6257 -0.00010509 -0.0273978 0.000101361 -0.0273664
35.7513 -0.000231013 -0.0272744 -0.000171876 -0.0274506
35.877 -6.60308e-05 -0.0271694 -5.85909e-05 -0.0271382
36.0027 8.15674e-05 -0.0273486 -0.000299515 -0.0272528
36.1283 -0.000152876 -0.0269889 -0.000198151 -0.0271777
36.254 -5.65942e-05 -0.0268131 -7.01205e-05 -0.0270409
36.3796 3.8891e-05 -0.0268669 -6.09989e-05 -0.0269153
36.5053 9.72545e-05 -0.0267664 -4.14503e-05 -0.0266699
36.631 4.26346e-05 -0.0269859 -1.67291e-05 -0.0268079
36.7566 -2.48211e-05 -0.0266362 -0.000165967 -0.0269049
36.8823 -0.000154791 -0.0266122 -0.000218015 -0.0268029
37.008 5.62141e-05 -0.0266911 -7.45667e-05 -0.0264685
37.1336 -0.000130364 -0.0265191 1.27711e-05 -0.0262303
37.2593 -0.000101794 -0.0264338 5.08172e-05 -0.0262575
37.385 5.864e-05 -0.0261822 0.000158518 -0.0262297
37.5106 -0.000133568 -0.0261301 0.00013437 -0.0257725
37.6363 -0.000102861 -0.0261141 -0.000100097 -0.0259909
37.7619 1.33989e-06 -0.025886 0.000224531 -0.0260003
37.8876 -4.10488e-06 -0.0257695 0.000279945 -0.0260135
38.0133 0.000293757 -0.0259389 0.000193543 -0.025906
38.1389 4.901e-05 -0.0258626 0.000287259 -0.0256031
38.2646 0.000181426 -0.0255846 -9.45454e-05 -0.0255347
38.3903 0.000357073 -0.0256095 0.000116074 -0.0257192
38.5159 -3.62834e-05 -0.0255669 4.39664e-05 -0.0253327
38.6416 -0.000156981 -0.0254121 5.81011e-05 -0.025267
38.7673 -8.29328e-05 -0.0253722 -4.9815e-05 -0.0253991
38.8929 -6.58287e-05 -0.0251921 2.18972e-05 -0.0251989
39.0186 -0.000292203 -0.0250027 -4.25272e-05 -0.0250033
39.1442 -3.56066e-05 -0.0250842 -0.000420752 -0.0248937
39.2699 -0.000334384 -0.0250983 -0.000120099 -0.0246859
39.3956 -0.00018899 -0.0248998 -0.000124089 -0.0245556
39.5212 -0.000229325 -0.0248768 -1.97257e-05 -0.0248432
39.6469 4.99855e-05 -0.0244249 6.47443e-05 -0.0248439
39.7726 -4.78807e-05 -0.024452 -7.97458e-05 -0.024678
39.8982 -3.31424e-06 -0.0244152 6.25051e-05 -0.024437
40.0239 5.53427e-05 -0.0244051 -3.45442e-05 -0.02445
40.1496 -6.19931e-05 -0.0242742 8.53273e-06 -0.0240203
40.2752 -2.52497e-05 -0.0242573 7.62387e-05 -0.0240542
40.4009 6.40469e-05 -0.0243726 0.000174018 -0.02412
40.5265 -8.80227e-05 -0.0241091 -6.14695e-05 -0.0240047
40.6522 6.01009e-05 -0.0241833 -0.000141031 -0.0238186
40.7779 -6.40983e-05 -0.0239546 4.90165e-05 -0.0241479
40.9035 -0.000183337 -0.0239997 -6.17339e-05 -0.0238043
41.0292 -0.0001574 -0.0238952 -8.23827e-05 -0.0240069
41.1549 -0.000197089 -0.0239584 -8.56193e-06 -0.0239932
41.2805 0.000123282 -0.0236599 8.80785e-05 -0.0235524
41.4062 1.39614e-05 -0.0237717 -0.000219834 -0.0234752
41.5319 -0.000118605 -0.0235483 -0.000177495 -0.02361
41.6575 5.47205e-05 -0.0236389 -0.000118055 -0.0235528
41.7832 4.78018e-05 -0.0234717 -1.25885e-05 -0.0233965
41.9088 -1.50396e-05 -0.0235853 -0.000331159 -0.0235554
42.0345 -0.00011156 -0.0233196 -9.03653e-05 -0.0237139
42.1602 -4.7513e-05 -0.0232841 -0.000111933 -0.0234208
42.2858 -4.0111e-05 -0.0234898 -4.50617e-05 -0.0230296
42.4115 -0.00018539 -0.0232689 -9.75827e-06 -0.0229511
42.5372 -0.000254535 -0.0230703 -0.000118715 -0.0228469
42.6628 -9.57335e-05 -0.0231023 -0.00011041 -0.0228768
42.7885 -5.32565e-05 -0.0229995 0.000223929 -0.0230417
42.9142 -0.000182256 -0.0230133 0.000213384 -0.0230857
43.0398 -1.80433e-05 -0.0226543 5.22763e-05 -0.02313
43.1655 -0.000373904 -0.0226627 0.000104508 -0.0229869
43.2911 -0.000266506 -0.0226824 -6.62261e-05 -0.0227772
43.4168 -0.000146155 -0.0226925 9.86046e-06 -0.0226145
43.5425 -0.000144992 -0.0227248 -2.41438e-05 -0.0227296
43.6681 8.10592e-05 -0.0225509 -0.000110412 -0.0226591
43.7938 -4.59337e-05 -0.0225761 -0.000208845 -0.0225268
43.9195 -1.8612e-05 -0.0224217 3.23293e-05 -0.0222532
44.0451 3.2171e-05 -0.0222525 -1.13681e-05 -0.0220862
44.1708 -1.3604e-05 -0.0224418 -0.000127677 -0.0222617
44.2965 -3.60061e-05 -0.022293 0.000139304 -0.0220395
44.4221 2.3694e-05 -0.0221105 -8.86285e-06 -0.0220669
44.5478 -0.000201079 -0.02215 -0.000176086 -0.0221008
44.6734 -5.91242e-05 -0.0222287 -5.52449e-05 -0.0220626
44.7991 3.98479e-06 -0.0219861 7.24028e-05 -0.0220951
44.9248 5.03207e-05 -0.0220094 -0.000118479 -0.0219189
45.0504 -4.8659e-05 -0.0219165 6.95244e-05 -0.0220275
45.1761 -7.47876e-05 -0.0217924 4.36591e-05 -0.0218223
45.3018 5.72346e-05 -0.0216272 0.000136473 -0.0219
45.4274 -0.0001686 -0.0216391 0.000196791 -0.0216075
45.5531 -7.21262e-05 -0.021905 2.57687e-05 -0.0215344
45.6788 -0.00022995 -0.021794 -0.000213995 -0.0215461
45.8044 -0.000157361 -0.0214582 2.90946e-05 -0.0215847
45.9301 6.85407e-05 -0.0214723 3.84703e-05 -0.0216052
46.0557 -0.000199739 -0.0212232 -7.12763e-05 -0.0215139
46.1814 -0.000266359 -0.0214325 0.000150349 -0.0213702
46.3071 -0.000417343 -0.0214789 8.91544e-05 -0.0214277
46.4327 -0.000105658 -0.0213458 -0.000207897 -0.0214001
46.5584 -9.30606e-05 -0.0212563 -2.31692e-05 -0.0211909
46.6841 -0.0002101 -0.021097 9.36662e-05 -0.0210658
46.8097 -0.000245429 -0.0209989 -4.90909e-05 -0.0211384
46.9354 -7.60038e-05 -0.0211625 -0.000185604 -0.0209495
47.0611 3.26895e-05 -0.0211339 -0.00018529 -0.0208156
47.1867 0.000284235 -0.02094 0.00024006 -0.0208866
47.3124 5.58512e-05 -0.0209187 0.000186857 -0.0207247
47.438 0.000147928 -0.0208713 -2.21328e-05 -0.0207921
47.5637 0.000208362 -0.0208562 0.00020302 -0.0206562
47.6894 1.26255e-06 -0.0205195 0.000106875 -0.0207766
47.815 5.96489e-05 -0.0204578 -9.39637e-05 -0.0208702
47.9407 -7.27408e-05 -0.020525 -6.4311e-05 -0.0206782
48.0664 -0.000228742 -0.0205391 0.000153377 -0.0204631
48.192 -5.06046e-05 -0.0206062 -3.96332e-05 -0.0204657
48.3177 -6.48095e-05 -0.0201802 -7.03778e-05 -0.0205576
48.4434 4.19477e-06 -0.0202795 -4.74872e-05 -0.0204364
48.569 -0.000306974 -0.0203853 3.80768e-05 -0.0206197
48.6947 -0.00015256 -0.020195 7.84461e-05 -0.0203501
48.8203 -0.000208077 -0.0202286 6.5048e-05 -0.0203195
48.946 -0.000329015 -0.0202118 4.51272e-05 -0.0201719
49.0717 -4.21834e-05 -0.0203275 4.00955e-05 -0.0201915
49.1973 -8.33691e-05 -0.0202286 9.81533e-05 -0.0201183
49.323 -4.8976e-05 -0.0202858 0.000115714 -0.0201257
49.4487 -3.22251e-05 -0.020223 8.00056e-05 -0.0198844
49.5743 -0.0002038 -0.0199166 0.000105222 -0.0198789
49.7 -0.000141076 -0.0198988 8.09388e-05 -0.0197144
49.8257 4.79327e-05 -0.0199247 -0.000142106 -0.0197877
49.9513 -0.000318461 -0.0198858 6.61714e-05 -0.0198036
50.077 -0.000137548 -0.0196701 -3.90814e-05 -0.0199237
50.2027 -9.53287e-05 -0.0196913 -0.000121643 -0.0197674
50.3283 -4.55676e-05 -0.0195588 -7.13121e-05 -0.0195858
50.454 1.66735e-05 -0.0194687 -9.53822e-05 -0.0195831
50.5796 -0.000236371 -0.0194475 -0.000139115 -0.0195024
50.7053 -4.96945e-05 -0.0197197 7.54526e-05 -0.0193018
50.831 -6.18256e-05 -0.0195894 0.00010023 -0.0193774
50.9566 -3.84555e-05 -0.0195324 7.94554e-05 -0.0192106
51.0823 4.63112e-05 -0.0193103 6.37683e-05 -0.0192362
51.208 7.13671e-06 -0.0192365 -6.868e-05 -0.0193168
51.3336 -1.22284e-05 -0.0193909 -0.000135676 -0.0192621
51.4593 -0.000139004 -0.019474 -5.47209e-06 -0.0190451
51.585 -9.31768e-05 -0.0194959 -7.32328e-05 -0.0189889
51.7106 -6.32447e-05 -0.0192475 0.00016542 -0.0190463
51.8363 -9.56327e-05 -0.0190258 3.73904e-05 -0.0189251
51.9619 0.000209798 -0.0188513 0.000232511 -0.0189579
52.0876 0.000171962 -0.0189829 -0.0001218 -0.0191061
52.2133 -8.71837e-05 -0.0187455 -9.10012e-05 -0.0190606
52.3389 -5.86851e-05 -0.0186608 -0.000183822 -0.0190564
52.4646 -0.000142061 -0.0186178 1.24042e-05 -0.019079
52.5903 -8.73389e-05 -0.0186389 -7.59229e-05 -0.0189866
52.7159 1.29321e-06 -0.0185574 5.13919e-05 -0.018889
52.8416 -6.7435e-05 -0.018828 1.5283e-05 -0.0187528
52.9673 -0.000225212 -0.0187658 9.52621e-05 -0.0188004
53.0929 -0.000252125 -0.0189091 -5.94066e-05 -0.0186634
53.2186 -7.74017e-05 -0.0186156 -6.00283e-05 -0.0186958
53.3442 -7.62573e-05 -0.0185775 -3.24754e-06 -0.0183874
53.4699 -0.000326465 -0.0187166 0.00022457 -0.0185851
53.5956 -0.000315477 -0.0187213 -2.09517e-05 -0.0183614
53.7212 -3.03942e-05 -0.0185787 -0.000174973 -0.018409
53.8469 -0.000381672 -0.0184043 -5.79658e-05 -0.0184389
53.9726 -0.000353016 -0.0184562 -6.06572e-05 -0.0182052
54.0982 -0.000362939 -0.0184751 -0.000155714 -0.0182918
54.2239 -0.000177912 -0.0184611 -5.16063e-05 -0.0183479
54.3496 -0.000235952 -0.0182176 -0.000250612 -0.0182408
54.4752 -9.41488e-05 -0.0180969 8.94382e-05 -0.0182095
54.6009 7.48965e-05 -0.0179467 0.00024509 -0.0181947
54.7265 -0.000162169 -0.0179157 0.000233277 -0.0178827
54.8522 -0.000321483 -0.0181167 8.3054e-05 -0.0182083
54.9779 -4.29175e-05 -0.0180187 -2.56594e-05 -0.0179795
55.1035 -0.000188562 -0.0179882 2.39681e-05 -0.0180097
55.2292 -8.57495e-05 -0.0180748 -0.000122615 -0.017698
55.3549 -0.000107147 -0.0181643 6.18234e-06 -0.0177498
55.4805 -7.03954e-05 -0.0179403 0.000204083 -0.0176298
55.6062 -0.000245617 -0.0178272 8.07883e-05 -0.017668
55.7319 -0.000168522 -0.0174819 0.00014872 -0.017584
55.8575 -0.00017303 -0.0176758 3.65386e-06 -0.0175413
55.9832 0.000106844 -0.017674 0.000219178 -0.0174833
56.1088 2.73254e-05 -0.0174472 -0.000110353 -0.0177496
56.2345 -5.09338e-05 -0.0175311 -0.000127485 -0.0174074
56.3602 -9.95638e-05 -0.01746 8.7607e-05 -0.0172641
56.4858 -0.000167455 -0.0174682 0.000127842 -0.017496
56.6115 -2.11747e-05 -0.0174453 -3.57437e-05 -0.0174462
56.7372 -7.31311e-05 -0.0173132 5.76611e-05 -0.0173162
56.8628 -0.000348688 -0.0174697 -4.2337e-06 -0.0172493
56.9885 -3.53004e-05 -0.0175517 -5.3354e-05 -0.017287
57.1142 -0.000254779 -0.0173735 -0.000335325 -0.0172573
57.2398 -9.43946e-05 -0.0173975 -0.000303198 -0.0173303
57.3655 -3.5436e-05 -0.017207 -0.000287867 -0.0172577
57.4911 0.000111808 -0.0171086 2.89984e-05 -0.0171174
57.6168 -0.000106812 -0.0170632 6.64992e-05 -0.0171999
57.7425 -1.35018e-05 -0.0168559 -0.000258747 -0.017241
57.8681 -5.82767e-05 -0.0169641 -7.95143e-05 -0.0171851
57.9938 0.00018043 -0.0170047 -0.0003479 -0.017119
58.1195 0.000261468 -0.0169055 -0.000257409 -0.0169278
58.2451 2.63386e-05 -0.0169677 -0.000431315 -0.0167886
58.3708 -1.00731e-05 -0.0168144 -0.000131801 -0.0167583
58.4965 9.58676e-05 -0.0168511 -3.82192e-05 -0.0167716
58.6221 7.2134e-05 -0.0168351 3.54051e-05 -0.0168448
58.7478 -0.000138859 -0.0167432 -3.12733e-05 -0.016841
58.8734 -9.67596e-05 -0.016677 -7.15678e-06 -0.0167309
58.9991 -2.96747e-05 -0.0168903 -0.000303154 -0.0163988
59.1248 2.63555e-05 -0.0168797 -6.60225e-05 -0.0165347
59.2504 2.12821e-05 -0.0167231 -0.000154174 -0.016707
59.3761 -3.78737e-06 -0.0166681 -0.000232964 -0.016607
59.5018 -0.000192945 -0.0165996 -0.000228675 -0.0166562
59.6274 -0.000235999 -0.0164875 -7.16823e-05 -0.0167079
59.7531 0.000192042 -0.0166606 7.51851e-05 -0.0167757
59.8788 0.00015382 -0.0167967 -0.000162948 -0.0165334
60.0044 5.01773e-05 -0.0167394 -2.18647e-05 -0.0166908
60.1301 -0.000328453 -0.0166313 0.000106928 -0.0167465
60.2557 -0.000215806 -0.0167098 0.00021238 -0.0166696
60.3814 -0.000108244 -0.0165256 3.12986e-05 -0.0165698
60.5071 0.000200141 -0.0167037 0.000154036 -0.0164824
60.6327 0.000320785 -0.0163707 2.69189e-05 -0.0162617
60.7584 0.000193962 -0.0164687 4.14489e-05 -0.0164752
60.8841 0.000255437 -0.0165176 0.000260256 -0.0161245
61.0097 -1.31899e-05 -0.0162534 0.000288443 -0.0164108
61.1354 -0.000120616 -0.0162642 6.24456e-05 -0.0162809
61.2611 0.000204086 -0.0162162 -8.88139e-06 -0.0163429
61.3867 -8.71702e-05 -0.0162347 -3.91215e-05 -0.016401
61.5124 9.51919e-06 -0.0162277 -2.81619e-05 -0.0162797
61.638 -0.000132173 -0.0158871 -5.38825e-07 -0.0162758
61.7637 -0.000213985 -0.015927 0.000135588 -0.0158967
61.8894 -0.000160196 -0.0160177 7.4952e-05 -0.0157861
62.015 -0.000187028 -0.0160353 0.000211205 -0.0159102
62.1407 -0.000338639 -0.0162994 0.000198972 -0.0159811
62.2664 -0.000124104 -0.0162375 2.66473e-05 -0.0160983
62.392 -0.000350939 -0.0159156 -8.2629e-05 -0.015899
62.5177 -0.000187934 -0.0158612 -0.00018385 -0.0158298
62.6434 -0.000267229 -0.0158737 0.000106511 -0.0158397
62.769 -9.24391e-05 -0.0156469 8.86718e-05 -0.0157561
62.8947 -1.61656e-05 -0.0158548 -9.62369e-05 -0.0159266
63.0203 -7.99309e-05 -0.0160831 -0.000137282 -0.0157874
63.146 -0.000124038 -0.0160185 -0.000206066 -0.0158385
63.2717 -0.000217052 -0.0157924 -0.000148807 -0.0158323
63.3973 -0.000151929 -0.0157581 2.18054e-05 -0.0159129
63.523 -0.000316479 -0.0155411 -4.85583e-05 -0.0157093
63.6487 -7.31173e-05 -0.0156044 -0.000110176 -0.0155338
63.7743 -0.000239044 -0.0156474 -0.000227889 -0.0155404
63.9 -0.000319213 -0.0155183 -4.22514e-05 -0.0156249
64.0257 -6.33771e-05 -0.0153256 0.000239861 -0.0157337
64.1513 -0.000171215 -0.0152938 -0.000145756 -0.0155601
64.277 -0.000157013 -0.0152932 -7.45914e-05 -0.0154074
