0.0628319 0.000564484 -0.844421 -0.000614343 -0.844394
0.188496 0.00045402 -0.664714 -0.000391037 -0.664701
0.314159 0.000511552 -0.555771 -0.000605667 -0.555701
0.439823 0.000355283 -0.484318 -0.000418716 -0.48427
0.565487 0.000307082 -0.434968 -0.000338074 -0.434848
0.69115 0.000400167 -0.398843 -0.000373138 -0.399119
0.816814 0.000188087 -0.371602 -0.000239484 -0.37167
0.942478 0.000332197 -0.34975 -0.000264718 -0.349773
1.06814 0.000259514 -0.331622 -0.0001949 -0.331489
1.19381 0.000325411 -0.316249 -0.00043647 -0.316181
1.31947 1.03523e-05 -0.302706 -0.000321972 -0.302819
1.44513 -3.66971e-05 -0.290719 -0.000264265 -0.29105
1.5708 -5.14975e-05 -0.280011 -0.000218688 -0.280042
1.69646 0.000185541 -0.270469 -0.000193317 -0.270198
1.82212 0.000171666 -0.260886 -3.13767e-06 -0.260813
1.94779 0.000168362 -0.252629 -0.000173909 -0.252154
2.07345 0.000196902 -0.244406 -0.000140894 -0.244376
2.19911 3.17251e-05 -0.23692 3.70925e-05 -0.236958
2.32478 -5.18479e-05 -0.230156 -4.47164e-05 -0.22991
2.45044 0.000164409 -0.223379 -2.15244e-05 -0.223147
2.57611 -6.88581e-07 -0.216935 0.000271181 -0.217045
2.70177 -0.000140664 -0.211011 -7.21346e-06 -0.211217
2.82743 5.38187e-06 -0.205807 -1.67022e-05 -0.205614
2.9531 0.000375898 -0.200347 -6.81161e-05 -0.20039
3.07876 0.000202916 -0.195164 0.000157477 -0.195394
3.20442 0.00030062 -0.19049 8.83128e-05 -0.190482
3.33009 1.0256e-05 -0.186058 0.000173182 -0.185788
3.45575 0.000159173 -0.181696 -5.42473e-05 -0.181573
3.58142 0.00029396 -0.177517 -0.000150818 -0.177605
3.70708 0.000152568 -0.173566 -5.37073e-05 -0.173669
3.83274 -7.47619e-05 -0.169804 1.56779e-05 -0.169815
3.95841 -0.00021333 -0.166213 1.18809e-09 -0.166168
4.08407 -0.00023641 -0.162806 -2.74039e-05 -0.162762
4.20973 -0.000185783 -0.159584 -2.0871e-05 -0.159548
4.3354 -0.000110019 -0.156516 5.4594e-06 -0.156464
4.46106 -4.6725e-05 -0.15356 2.27456e-05 -0.15348
4.58673 -1.74385e-05 -0.150684 2.08994e-05 -0.150593
4.71239 -2.49427e-05 -0.147876 8.87534e-06 -0.147813
4.83805 -5.60281e-05 -0.145143 5.14779e-08 -0.145145
4.96372 -8.98489e-05 -0.142502 9.58116e-07 -0.142587
5.08938 -0.000107539 -0.139966 8.94813e-06 -0.140128
5.21504 -9.87042e-05 -0.137545 1.59373e-05 -0.137759
5.34071 -6.31395e-05 -0.135239 1.35496e-05 -0.135467
5.46637 -8.68552e-06 -0.133043 -3.30964e-06 -0.133248
5.59203 5.27502e-05 -0.130945 -3.52617e-05 -0.131098
5.7177 0.000109141 -0.128932 -7.91132e-05 -0.129016
5.84336 0.00015115 -0.126993 -0.000129417 -0.127003
5.96903 0.000173473 -0.125117 -0.000180128 -0.125059
6.09469 0.000174912 -0.123295 -0.000225884 -0.123184
6.22035 0.000157615 -0.121522 -0.000262749 -0.121377
6.34602 0.000125936 -0.119793 -0.000288472 -0.119634
6.47168 8.52588e-05 -0.118105 -0.000302376 -0.117951
6.59734 4.10178e-05 -0.116458 -0.000305051 -0.116325
6.72301 -2.00439e-06 -0.114852 -0.000297964 -0.11475
6.84867 -4.00788e-05 -0.113285 -0.000283086 -0.113223
6.97434 -7.06818e-05 -0.111758 -0.000262568 -0.111739
7.1 -9.24593e-05 -0.110271 -0.000238504 -0.110295
7.22566 -0.000105071 -0.108824 -0.000212777 -0.108888
7.35133 -0.000108975 -0.107415 -0.000186967 -0.107514
7.47699 -0.000105193 -0.106046 -0.000162317 -0.106173
7.60265 -9.50909e-05 -0.104714 -0.000139739 -0.104862
7.72832 -8.01927e-05 -0.103419 -0.000119842 -0.10358
7.85398 -6.20306e-05 -0.102159 -0.000102973 -0.102327
7.97965 -4.20372e-05 -0.100933 -8.92692e-05 -0.101101
8.10531 -2.14752e-05 -0.0997395 -7.86994e-05 -0.0999025
8.23097 -1.39772e-06 -0.0985777 -7.11111e-05 -0.0987305
8.35664 1.73664e-05 -0.0974459 -6.62664e-05 -0.0975847
8.4823 3.42083e-05 -0.0963426 -6.38742e-05 -0.0964647
8.60796 4.87226e-05 -0.0952666 -6.36148e-05 -0.09537
8.73363 6.06834e-05 -0.0942167 -6.51594e-05 -0.0943003
8.85929 7.00154e-05 -0.0931916 -6.81843e-05 -0.093255
8.98495 7.67652e-05 -0.0921902 -7.23813e-05 -0.0922336
9.11062 8.10729e-05 -0.0912114 -7.74642e-05 -0.0912356
9.23628 8.31461e-05 -0.0902543 -8.31728e-05 -0.0902604
9.36195 8.32373e-05 -0.089318 -8.92753e-05 -0.0893073
9.48761 8.16247e-05 -0.0884014 -9.55685e-05 -0.0883756
9.61327 7.85961e-05 -0.087504 -0.000101877 -0.0874648
9.73894 7.44366e-05 -0.0866248 -0.000108053 -0.0865741
9.8646 6.94194e-05 -0.0857633 -0.000113973 -0.0857029
9.99026 6.37986e-05 -0.0849188 -0.000119537 -0.0848505
10.1159 5.78049e-05 -0.0840907 -0.000124665 -0.0840162
10.2416 5.16428e-05 -0.0832784 -0.000129295 -0.0831993
10.3673 4.54896e-05 -0.0824815 -0.000133384 -0.0823993
10.4929 3.94952e-05 -0.0816993 -0.000136902 -0.0816155
10.6186 3.37831e-05 -0.0809316 -0.000139829 -0.0808473
10.7442 2.84519e-05 -0.0801777 -0.000142159 -0.0800941
10.8699 2.35772e-05 -0.0794374 -0.000143894 -0.0793554
10.9956 1.92138e-05 -0.0787102 -0.000145042 -0.0786307
11.1212 1.53982e-05 -0.0779958 -0.000145619 -0.0779195
11.2469 1.21504e-05 -0.0772939 -0.000145646 -0.0772212
11.3726 9.47703e-06 -0.076604 -0.000145147 -0.0765354
11.4982 7.37272e-06 -0.0759259 -0.000144149 -0.0758618
11.6239 5.82264e-06 -0.0752593 -0.000142682 -0.0751999
11.7496 4.80418e-06 -0.0746039 -0.000140778 -0.0745493
11.8752 4.28866e-06 -0.0739593 -0.000138469 -0.0739097
12.0009 4.24282e-06 -0.0733255 -0.000135788 -0.0732807
12.1265 4.63015e-06 -0.0727019 -0.000132767 -0.0726621
12.2522 5.412e-06 -0.0720886 -0.000129441 -0.0720534
12.3779 6.54859e-06 -0.0714851 -0.00012584 -0.0714544
12.5035 7.99977e-06 -0.0708913 -0.000121996 -0.070865
12.6292 9.72576e-06 -0.0703069 -0.00011794 -0.0702847
12.7549 1.16877e-05 -0.0697317 -0.0001137 -0.0697133
12.8805 1.38479e-05 -0.0691655 -0.000109305 -0.0691507
13.0062 1.61706e-05 -0.0686081 -0.000104781 -0.0685966
13.1319 1.86218e-05 -0.0680593 -0.000100153 -0.0680508
13.2575 2.11695e-05 -0.0675189 -9.54444e-05 -0.067513
13.3832 2.37842e-05 -0.0669868 -9.06774e-05 -0.0669832
13.5088 2.64386e-05 -0.0664627 -8.58727e-05 -0.0664611
13.6345 2.91075e-05 -0.0659464 -8.10492e-05 -0.0659466
13.7602 3.17683e-05 -0.0654378 -7.62248e-05 -0.0654395
13.8858 3.44005e-05 -0.0649368 -7.14154e-05 -0.0649396
14.0115 3.69857e-05 -0.0644431 -6.66361e-05 -0.0644468
14.1372 3.95077e-05 -0.0639566 -6.19003e-05 -0.0639609
14.2628 4.19524e-05 -0.0634772 -5.72203e-05 -0.0634818
14.3885 4.43074e-05 -0.0630047 -5.2607e-05 -0.0630094
14.5142 4.65622e-05 -0.0625389 -4.80703e-05 -0.0625435
14.6398 4.8708e-05 -0.0620798 -4.3619e-05 -0.062084
14.7655 5.07373e-05 -0.0616271 -3.92607e-05 -0.0616308
14.8911 5.26442e-05 -0.0611808 -3.50023e-05 -0.0611837
15.0168 5.44242e-05 -0.0607407 -3.08495e-05 -0.0607427
15.1425 5.60739e-05 -0.0603066 -2.68074e-05 -0.0603076
15.2681 5.75908e-05 -0.0598786 -2.288e-05 -0.0598783
15.3938 5.89736e-05 -0.0594564 -1.90709e-05 -0.0594547
15.5195 6.02218e-05 -0.0590399 -1.53826e-05 -0.0590368
15.6451 6.13358e-05 -0.058629 -1.18175e-05 -0.0586243
15.7708 6.23165e-05 -0.0582236 -8.37693e-06 -0.0582172
15.8965 6.31654e-05 -0.0578236 -5.06195e-06 -0.0578155
16.0221 6.38849e-05 -0.057429 -1.87307e-06 -0.0574189
16.1478 6.44773e-05 -0.0570395 1.18966e-06 -0.0570275
16.2734 6.49458e-05 -0.056655 4.12656e-06 -0.0566411
16.3991 6.52936e-05 -0.0562756 6.93836e-06 -0.0562597
16.5248 6.55244e-05 -0.0559011 9.62606e-06 -0.0558831
16.6504 6.5642e-05 -0.0555313 1.2191e-05 -0.0555112
16.7761 6.56505e-05 -0.0551663 1.46348e-05 -0.0551441
16.9018 6.5554e-05 -0.0548059 1.69591e-05 -0.0547816
17.0274 6.53568e-05 -0.05445 1.91662e-05 -0.0544236
17.1531 6.50632e-05 -0.0540986 2.1258e-05 -0.05407
17.2788 6.46778e-05 -0.0537516 2.3237e-05 -0.0537208
17.4044 6.42048e-05 -0.0534088 2.51057e-05 -0.053376
17.5301 6.36488e-05 -0.0530703 2.68666e-05 -0.0530353
17.6558 6.3014e-05 -0.0527359 2.85224e-05 -0.0526988
17.7814 6.2305e-05 -0.0524055 3.00759e-05 -0.0523664
17.9071 6.15258e-05 -0.0520791 3.15298e-05 -0.052038
18.0327 6.06808e-05 -0.0517567 3.2887e-05 -0.0517135
18.1584 5.97741e-05 -0.0514381 3.41504e-05 -0.051393
18.2841 5.88097e-05 -0.0511233 3.53229e-05 -0.0510762
18.4097 5.77916e-05 -0.0508122 3.64074e-05 -0.0507632
18.5354 5.67235e-05 -0.0505047 3.74067e-05 -0.0504539
18.6611 5.56092e-05 -0.0502008 3.83239e-05 -0.0501483
18.7867 5.44523e-05 -0.0499005 3.91618e-05 -0.0498461
18.9124 5.32562e-05 -0.0496036 3.99231e-05 -0.0495476
19.0381 5.20243e-05 -0.0493101 4.06108e-05 -0.0492524
19.1637 5.07598e-05 -0.04902 4.12276e-05 -0.0489607
19.2894 4.94659e-05 -0.0487332 4.17763e-05 -0.0486723
19.415 4.81454e-05 -0.0484496 4.22595e-05 -0.0483872
19.5407 4.68012e-05 -0.0481692 4.268e-05 -0.0481053
19.6664 4.54361e-05 -0.0478919 4.30402e-05 -0.0478266
19.792 4.40526e-05 -0.0476177 4.33428e-05 -0.047551
19.9177 4.26532e-05 -0.0473465 4.35901e-05 -0.0472786
20.0434 4.12403e-05 -0.0470783 4.37847e-05 -0.0470091
20.169 3.98161e-05 -0.0468131 4.39289e-05 -0.0467427
20.2947 3.83827e-05 -0.0465507 4.4025e-05 -0.0464791
20.4204 3.69422e-05 -0.0462911 4.40752e-05 -0.0462185
20.546 3.54965e-05 -0.0460344 4.40817e-05 -0.0459607
20.6717 3.40474e-05 -0.0457804 4.40466e-05 -0.0457057
20.7973 3.25966e-05 -0.0455291 4.39719e-05 -0.0454535
20.923 3.11458e-05 -0.0452805 4.38597e-05 -0.045204
21.0487 2.96963e-05 -0.0450345 4.37118e-05 -0.0449571
21.1743 2.82497e-05 -0.044791 4.35302e-05 -0.0447129
21.3 2.68074e-05 -0.0445502 4.33166e-05 -0.0444713
21.4257 2.53705e-05 -0.0443118 4.30727e-05 -0.0442322
21.5513 2.39402e-05 -0.0440759 4.28003e-05 -0.0439956
21.677 2.25177e-05 -0.0438424 4.25009e-05 -0.0437615
21.8027 2.11039e-05 -0.0436113 4.21762e-05 -0.0435298
21.9283 1.96999e-05 -0.0433825 4.18275e-05 -0.0433006
22.054 1.83065e-05 -0.0431561 4.14564e-05 -0.0430737
22.1796 1.69244e-05 -0.042932 4.10642e-05 -0.0428491
22.3053 1.55546e-05 -0.0427101 4.06524e-05 -0.0426268
22.431 1.41977e-05 -0.0424904 4.02221e-05 -0.0424067
22.5566 1.28543e-05 -0.0422729 3.97746e-05 -0.0421889
22.6823 1.1525e-05 -0.0420576 3.93112e-05 -0.0419733
22.808 1.02104e-05 -0.0418444 3.88329e-05 -0.0417598
22.9336 8.91094e-06 -0.0416333 3.83408e-05 -0.0415485
23.0593 7.62708e-06 -0.0414242 3.7836e-05 -0.0413393
23.185 6.35921e-06 -0.0412172 3.73195e-05 -0.0411321
23.3106 5.10771e-06 -0.0410121 3.67923e-05 -0.0409269
23.4363 3.87289e-06 -0.0408091 3.62552e-05 -0.0407238
23.5619 2.65503e-06 -0.040608 3.57091e-05 -0.0405227
23.6876 1.45439e-06 -0.0404088 3.5155e-05 -0.0403234
23.8133 2.71184e-07 -0.0402115 3.45935e-05 -0.0401262
23.9389 -8.94408e-07 -0.0400161 3.40255e-05 -0.0399308
24.0646 -2.04223e-06 -0.0398225 3.34517e-05 -0.0397372
24.1903 -3.17215e-06 -0.0396307 3.28728e-05 -0.0395455
24.3159 -4.28407e-06 -0.0394407 3.22895e-05 -0.0393557
24.4416 -5.37792e-06 -0.0392525 3.17023e-05 -0.0391676
24.5673 -6.45363e-06 -0.039066 3.11119e-05 -0.0389813
24.6929 -7.51119e-06 -0.0388813 3.05189e-05 -0.0387967
24.8186 -8.55056e-06 -0.0386982 2.99238e-05 -0.0386138
24.9442 -9.57177e-06 -0.0385168 2.93271e-05 -0.0384326
25.0699 -1.05748e-05 -0.0383371 2.87293e-05 -0.0382531
25.1956 -1.15598e-05 -0.0381589 2.81309e-05 -0.0380753
25.3212 -1.25267e-05 -0.0379824 2.75323e-05 -0.037899
25.4469 -1.34757e-05 -0.0378075 2.6934e-05 -0.0377244
25.5726 -1.44067e-05 -0.0376341 2.63364e-05 -0.0375514
25.6982 -1.532e-05 -0.0374623 2.57397e-05 -0.0373799
25.8239 -1.62156e-05 -0.037292 2.51445e-05 -0.0372099
25.9496 -1.70936e-05 -0.0371232 2.45509e-05 -0.0370415
26.0752 -1.79542e-05 -0.0369559 2.39594e-05 -0.0368745
26.2009 -1.87975e-05 -0.03679 2.33702e-05 -0.0367091
26.3265 -1.96236e-05 -0.0366256 2.27836e-05 -0.0365451
26.4522 -2.04328e-05 -0.0364626 2.21999e-05 -0.0363825
26.5779 -2.12251e-05 -0.0363011 2.16193e-05 -0.0362214
26.7035 -2.20007e-05 -0.0361409 2.1042e-05 -0.0360617
26.8292 -2.27599e-05 -0.0359821 2.04683e-05 -0.0359033
26.9549 -2.35028e-05 -0.0358246 1.98984e-05 -0.0357463
27.0805 -2.42295e-05 -0.0356685 1.93324e-05 -0.0355907
27.2062 -2.49402e-05 -0.0355137 1.87706e-05 -0.0354364
27.3319 -2.56353e-05 -0.0353602 1.82131e-05 -0.0352834
27.4575 -2.63147e-05 -0.035208 1.76601e-05 -0.0351317
27.5832 -2.69789e-05 -0.0350571 1.71116e-05 -0.0349813
27.7088 -2.76278e-05 -0.0349075 1.65679e-05 -0.0348322
27.8345 -2.82618e-05 -0.034759 1.6029e-05 -0.0346843
27.9602 -2.8881e-05 -0.0346118 1.54951e-05 -0.0345376
28.0858 -2.94857e-05 -0.0344659 1.49663e-05 -0.0343922
28.2115 -3.00761e-05 -0.0343211 1.44426e-05 -0.0342479
28.3372 -3.06523e-05 -0.0341775 1.39242e-05 -0.0341049
28.4628 -3.12146e-05 -0.0340351 1.34111e-05 -0.033963
28.5885 -3.17632e-05 -0.0338938 1.29034e-05 -0.0338223
28.7142 -3.22982e-05 -0.0337536 1.24011e-05 -0.0336828
28.8398 -3.282e-05 -0.0336146 1.19043e-05 -0.0335443
28.9655 -3.33287e-05 -0.0334768 1.14131e-05 -0.033407
29.0911 -3.38244e-05 -0.03334 1.09275e-05 -0.0332708
29.2168 -3.43076e-05 -0.0332043 1.04476e-05 -0.0331357
29.3425 -3.47782e-05 -0.0330697 9.97325e-06 -0.0330017
29.4681 -3.52365e-05 -0.0329361 9.50464e-06 -0.0328687
29.5938 -3.56828e-05 -0.0328036 9.04173e-06 -0.0327368
29.7195 -3.61173e-05 -0.0326721 8.58454e-06 -0.0326059
29.8451 -3.65401e-05 -0.0325417 8.13309e-06 -0.0324761
29.9708 -3.69514e-05 -0.0324123 7.68738e-06 -0.0323472
30.0965 -3.73514e-05 -0.0322838 7.24742e-06 -0.0322194
30.2221 -3.77404e-05 -0.0321564 6.81319e-06 -0.0320926
30.3478 -3.81185e-05 -0.03203 6.3847e-06 -0.0319668
30.4734 -3.8486e-05 -0.0319045 5.96193e-06 -0.0318419
30.5991 -3.88429e-05 -0.03178 5.54488e-06 -0.031718
30.7248 -3.91895e-05 -0.0316564 5.13353e-06 -0.031595
30.8504 -3.95261e-05 -0.0315338 4.72785e-06 -0.031473
30.9761 -3.98527e-05 -0.031412 4.32784e-06 -0.0313519
31.1018 -4.01696e-05 -0.0312913 3.93346e-06 -0.0312317
31.2274 -4.04769e-05 -0.0311714 3.54469e-06 -0.0311124
31.3531 -4.07748e-05 -0.0310524 3.1615e-06 -0.030994
31.4788 -4.10635e-05 -0.0309343 2.78386e-06 -0.0308765
31.6044 -4.13432e-05 -0.0308171 2.41174e-06 -0.0307599
31.7301 -4.1614e-05 -0.0307007 2.0451e-06 -0.0306441
31.8557 -4.18761e-05 -0.0305852 1.68391e-06 -0.0305293
31.9814 -4.21297e-05 -0.0304706 1.32813e-06 -0.0304152
32.1071 -4.23749e-05 -0.0303568 9.77728e-07 -0.030302
32.2327 -4.26119e-05 -0.0302438 6.32654e-07 -0.0301896
32.3584 -4.28409e-05 -0.0301316 2.9287e-07 -0.0300781
32.4841 -4.3062e-05 -0.0300203 -4.1668e-08 -0.0299673
32.6097 -4.32754e-05 -0.0299097 -3.71003e-07 -0.0298574
32.7354 -4.34812e-05 -0.0298 -6.95179e-07 -0.0297482
32.8611 -4.36796e-05 -0.029691 -1.01424e-06 -0.0296398
32.9867 -4.38707e-05 -0.0295829 -1.32824e-06 -0.0295322
33.1124 -4.40547e-05 -0.0294755 -1.63722e-06 -0.0294254
33.2381 -4.42317e-05 -0.0293688 -1.94123e-06 -0.0293194
33.3637 -4.44018e-05 -0.0292629 -2.24032e-06 -0.029214
33.4894 -4.45653e-05 -0.0291578 -2.53454e-06 -0.0291095
33.615 -4.47222e-05 -0.0290534 -2.82394e-06 -0.0290057
33.7407 -4.48726e-05 -0.0289497 -3.10856e-06 -0.0289026
33.8664 -4.50168e-05 -0.0288468 -3.38847e-06 -0.0288002
33.992 -4.51548e-05 -0.0287445 -3.6637e-06 -0.0286985
34.1177 -4.52867e-05 -0.028643 -3.93431e-06 -0.0285975
34.2434 -4.54127e-05 -0.0285422 -4.20036e-06 -0.0284973
34.369 -4.55329e-05 -0.0284421 -4.46189e-06 -0.0283977
34.4947 -4.56475e-05 -0.0283426 -4.71895e-06 -0.0282988
34.6204 -4.57565e-05 -0.0282439 -4.9716e-06 -0.0282006
34.746 -4.58601e-05 -0.0281458 -5.21989e-06 -0.0281031
34.8717 -4.59584e-05 -0.0280484 -5.46388e-06 -0.0280062
34.9973 -4.60514e-05 -0.0279516 -5.7036e-06 -0.02791
35.123 -4.61394e-05 -0.0278555 -5.93912e-06 -0.0278145
35.2487 -4.62224e-05 -0.0277601 -6.17048e-06 -0.0277195
35.3743 -4.63005e-05 -0.0276652 -6.39775e-06 -0.0276253
35.5 -4.63738e-05 -0.0275711 -6.62096e-06 -0.0275316
35.6257 -4.64424e-05 -0.0274775 -6.84017e-06 -0.0274386
35.7513 -4.65065e-05 -0.0273846 -7.05543e-06 -0.0273462
35.877 -4.65662e-05 -0.0272923 -7.2668e-06 -0.0272544
36.0027 -4.66214e-05 -0.0272006 -7.47432e-06 -0.0271632
36.1283 -4.66724e-05 -0.0271095 -7.67804e-06 -0.0270726
36.254 -4.67192e-05 -0.027019 -7.87801e-06 -0.0269826
36.3796 -4.67619e-05 -0.0269291 -8.07429e-06 -0.0268932
36.5053 -4.68006e-05 -0.0268397 -8.26692e-06 -0.0268044
36.631 -4.68354e-05 -0.026751 -8.45595e-06 -0.0267162
36.7566 -4.68664e-05 -0.0266628 -8.64143e-06 -0.0266285
36.8823 -4.68937e-05 -0.0265752 -8.82341e-06 -0.0265414
37.008 -4.69173e-05 -0.0264882 -9.00194e-06 -0.0264549
37.1336 -4.69374e-05 -0.0264017 -9.17706e-06 -0.0263689
37.2593 -4.69539e-05 -0.0263158 -9.34882e-06 -0.0262835
37.385 -4.69671e-05 -0.0262305 -9.51728e-06 -0.0261986
37.5106 -4.69769e-05 -0.0261456 -9.68246e-06 -0.0261142
37.6363 -4.69835e-05 -0.0260613 -9.84443e-06 -0.0260304
37.7619 -4.69869e-05 -0.0259776 -1.00032e-05 -0.0259471
37.8876 -4.69872e-05 -0.0258944 -1.01589e-05 -0.0258644
38.0133 -4.69844e-05 -0.0258117 -1.03115e-05 -0.0257821
38.1389 -4.69787e-05 -0.0257295 -1.0461e-05 -0.0257004
38.2646 -4.69701e-05 -0.0256478 -1.06076e-05 -0.0256192
38.3903 -4.69587e-05 -0.0255667 -1.07512e-05 -0.0255385
38.5159 -4.69445e-05 -0.025486 -1.08919e-05 -0.0254583
38.6416 -4.69276e-05 -0.0254058 -1.10297e-05 -0.0253786
38.7673 -4.69081e-05 -0.0253262 -1.11647e-05 -0.0252993
38.8929 -4.68861e-05 -0.025247 -1.12969e-05 -0.0252206
39.0186 -4.68615e-05 -0.0251683 -1.14264e-05 -0.0251424
39.1442 -4.68345e-05 -0.0250901 -1.15532e-05 -0.0250646
39.2699 -4.68051e-05 -0.0250124 -1.16773e-05 -0.0249873
39.3956 -4.67734e-05 -0.0249352 -1.17988e-05 -0.0249105
39.5212 -4.67394e-05 -0.0248584 -1.19178e-05 -0.0248341
39.6469 -4.67031e-05 -0.0247821 -1.20342e-05 -0.0247582
39.7726 -4.66648e-05 -0.0247062 -1.2148e-05 -0.0246828
39.8982 -4.66243e-05 -0.0246308 -1.22595e-05 -0.0246078
40.0239 -4.65817e-05 -0.0245559 -1.23685e-05 -0.0245332
40.1496 -4.65372e-05 -0.0244814 -1.24751e-05 -0.0244591
40.2752 -4.64907e-05 -0.0244073 -1.25793e-05 -0.0243855
40.4009 -4.64423e-05 -0.0243337 -1.26812e-05 -0.0243123
40.5265 -4.6392e-05 -0.0242605 -1.27809e-05 -0.0242395
40.6522 -4.634e-05 -0.0241878 -1.28783e-05 -0.0241671
40.7779 -4.62861e-05 -0.0241155 -1.29735e-05 -0.0240952
40.9035 -4.62306e-05 -0.0240436 -1.30665e-05 -0.0240237
41.0292 -4.61734e-05 -0.0239721 -1.31574e-05 -0.0239526
41.1549 -4.61145e-05 -0.023901 -1.32462e-05 -0.0238819
41.2805 -4.60541e-05 -0.0238304 -1.33329e-05 -0.0238117
41.4062 -4.59921e-05 -0.0237602 -1.34175e-05 -0.0237418
41.5319 -4.59286e-05 -0.0236904 -1.35001e-05 -0.0236724
41.6575 -4.58636e-05 -0.0236209 -1.35808e-05 -0.0236033
41.7832 -4.57973e-05 -0.0235519 -1.36595e-05 -0.0235347
41.9088 -4.57295e-05 -0.0234833 -1.37363e-05 -0.0234664
42.0345 -4.56604e-05 -0.0234151 -1.38112e-05 -0.0233986
42.1602 -4.55899e-05 -0.0233473 -1.38843e-05 -0.0233311
42.2858 -4.55182e-05 -0.0232798 -1.39555e-05 -0.023264
42.4115 -4.54453e-05 -0.0232127 -1.40249e-05 -0.0231973
42.5372 -4.53711e-05 -0.0231461 -1.40926e-05 -0.0231309
42.6628 -4.52958e-05 -0.0230798 -1.41585e-05 -0.023065
42.7885 -4.52193e-05 -0.0230138 -1.42227e-05 -0.0229994
42.9142 -4.51418e-05 -0.0229483 -1.42852e-05 -0.0229341
43.0398 -4.50631e-05 -0.0228831 -1.43461e-05 -0.0228693
43.1655 -4.49834e-05 -0.0228182 -1.44053e-05 -0.0228048
43.2911 -4.49027e-05 -0.0227538 -1.44629e-05 -0.0227406
43.4168 -4.4821e-05 -0.0226897 -1.4519e-05 -0.0226769
43.5425 -4.47384e-05 -0.0226259 -1.45734e-05 -0.0226134
43.6681 -4.46548e-05 -0.0225625 -1.46264e-05 -0.0225503
43.7938 -4.45703e-05 -0.0224995 -1.46779e-05 -0.0224876
43.9195 -4.4485e-05 -0.0224368 -1.47279e-05 -0.0224252
44.0451 -4.43988e-05 -0.0223744 -1.47764e-05 -0.0223632
44.1708 -4.43118e-05 -0.0223124 -1.48235e-05 -0.0223015
44.2965 -4.4224e-05 -0.0222507 -1.48692e-05 -0.0222401
44.4221 -4.41355e-05 -0.0221894 -1.49135e-05 -0.0221791
44.5478 -4.40462e-05 -0.0221284 -1.49565e-05 -0.0221183
44.6734 -4.39562e-05 -0.0220677 -1.49981e-05 -0.022058
44.7991 -4.38655e-05 -0.0220073 -1.50384e-05 -0.0219979
44.9248 -4.37741e-05 -0.0219473 -1.50774e-05 -0.0219382
45.0504 -4.3682e-05 -0.0218876 -1.51151e-05 -0.0218788
45.1761 -4.35894e-05 -0.0218282 -1.51516e-05 -0.0218197
45.3018 -4.34961e-05 -0.0217692 -1.51869e-05 -0.0217609
45.4274 -4.34023e-05 -0.0217104 -1.52209e-05 -0.0217024
45.5531 -4.33079e-05 -0.021652 -1.52538e-05 -0.0216443
45.6788 -4.32129e-05 -0.0215939 -1.52855e-05 -0.0215864
45.8044 -4.31175e-05 -0.021536 -1.5316e-05 -0.0215289
45.9301 -4.30215e-05 -0.0214785 -1.53455e-05 -0.0214716
46.0557 -4.2925e-05 -0.0214213 -1.53738e-05 -0.0214147
46.1814 -4.28281e-05 -0.0213644 -1.5401e-05 -0.021358
46.3071 -4.27308e-05 -0.0213078 -1.54271e-05 -0.0213017
46.4327 -4.2633e-05 -0.0212515 -1.54522e-05 -0.0212456
46.5584 -4.25347e-05 -0.0211955 -1.54763e-05 -0.0211899
46.6841 -4.24361e-05 -0.0211397 -1.54993e-05 -0.0211344
46.8097 -4.23372e-05 -0.0210843 -1.55213e-05 -0.0210792
46.9354 -4.22378e-05 -0.0210291 -1.55424e-05 -0.0210243
47.0611 -4.21381e-05 -0.0209743 -1.55624e-05 -0.0209697
47.1867 -4.20381e-05 -0.0209197 -1.55816e-05 -0.0209153
47.3124 -4.19378e-05 -0.0208654 -1.55998e-05 -0.0208613
47.438 -4.18372e-05 -0.0208114 -1.5617e-05 -0.0208075
47.5637 -4.17363e-05 -0.0207576 -1.56334e-05 -0.020754
47.6894 -4.16351e-05 -0.0207041 -1.56489e-05 -0.0207007
47.815 -4.15336e-05 -0.0206509 -1.56635e-05 -0.0206478
47.9407 -4.14319e-05 -0.020598 -1.56773e-05 -0.0205951
48.0664 -4.133e-05 -0.0205453 -1.56902e-05 -0.0205426
48.192 -4.12279e-05 -0.0204929 -1.57023e-05 -0.0204905
48.3177 -4.11256e-05 -0.0204408 -1.57136e-05 -0.0204386
48.4434 -4.1023e-05 -0.0203889 -1.5724e-05 -0.0203869
48.569 -4.09203e-05 -0.0203373 -1.57337e-05 -0.0203355
48.6947 -4.08175e-05 -0.0202859 -1.57427e-05 -0.0202844
48.8203 -4.07144e-05 -0.0202348 -1.57508e-05 -0.0202335
48.946 -4.06113e-05 -0.020184 -1.57583e-05 -0.0201829
49.0717 -4.05079e-05 -0.0201334 -1.5765e-05 -0.0201325
49.1973 -4.04045e-05 -0.020083 -1.5771e-05 -0.0200823
49.323 -4.0301e-05 -0.020033 -1.57762e-05 -0.0200325
49.4487 -4.01973e-05 -0.0199831 -1.57808e-05 -0.0199828
49.5743 -4.00936e-05 -0.0199335 -1.57847e-05 -0.0199334
49.7 -3.99898e-05 -0.0198841 -1.5788e-05 -0.0198843
49.8257 -3.98859e-05 -0.019835 -1.57905e-05 -0.0198353
49.9513 -3.9782e-05 -0.0197861 -1.57925e-05 -0.0197867
50.077 -3.9678e-05 -0.0197375 -1.57938e-05 -0.0197382
50.2027 -3.95739e-05 -0.0196891 -1.57945e-05 -0.01969
50.3283 -3.94699e-05 -0.0196409 -1.57946e-05 -0.019642
50.454 -3.93658e-05 -0.019593 -1.57941e-05 -0.0195943
50.5796 -3.92617e-05 -0.0195453 -1.57929e-05 -0.0195468
50.7053 -3.91575e-05 -0.0194978 -1.57913e-05 -0.0194995
50.831 -3.90534e-05 -0.0194506 -1.5789e-05 -0.0194524
50.9566 -3.89493e-05 -0.0194035 -1.57862e-05 -0.0194056
51.0823 -3.88452e-05 -0.0193567 -1.57829e-05 -0.019359
51.208 -3.87411e-05 -0.0193102 -1.5779e-05 -0.0193126
51.3336 -3.8637e-05 -0.0192638 -1.57746e-05 -0.0192664
51.4593 -3.8533e-05 -0.0192177 -1.57697e-05 -0.0192205
51.585 -3.8429e-05 -0.0191718 -1.57642e-05 -0.0191747
51.7106 -3.83251e-05 -0.0191261 -1.57583e-05 -0.0191292
51.8363 -3.82213e-05 -0.0190806 -1.57519e-05 -0.0190839
51.9619 -3.81175e-05 -0.0190353 -1.5745e-05 -0.0190388
52.0876 -3.80137e-05 -0.0189903 -1.57376e-05 -0.0189939
52.2133 -3.79101e-05 -0.0189454 -1.57298e-05 -0.0189492
52.3389 -3.78065e-05 -0.0189008 -1.57216e-05 -0.0189048
52.4646 -3.7703e-05 -0.0188563 -1.57128e-05 -0.0188605
52.5903 -3.75996e-05 -0.0188121 -1.57037e-05 -0.0188164
52.7159 -3.74963e-05 -0.0187681 -1.56941e-05 -0.0187726
52.8416 -3.73931e-05 -0.0187243 -1.56841e-05 -0.0187289
52.9673 -3.729e-05 -0.0186807 -1.56737e-05 -0.0186855
53.0929 -3.71871e-05 -0.0186373 -1.56629e-05 -0.0186422
53.2186 -3.70842e-05 -0.0185941 -1.56517e-05 -0.0185992
53.3442 -3.69815e-05 -0.0185511 -1.56401e-05 -0.0185563
53.4699 -3.68789e-05 -0.0185082 -1.56282e-05 -0.0185137
53.5956 -3.67764e-05 -0.0184656 -1.56158e-05 -0.0184712
53.7212 -3.66741e-05 -0.0184232 -1.56031e-05 -0.0184289
53.8469 -3.65719e-05 -0.018381 -1.55901e-05 -0.0183868
53.9726 -3.64699e-05 -0.0183389 -1.55767e-05 -0.0183449
54.0982 -3.6368e-05 -0.0182971 -1.55629e-05 -0.0183032
54.2239 -3.62663e-05 -0.0182554 -1.55488e-05 -0.0182617
54.3496 -3.61648e-05 -0.0182139 -1.55344e-05 -0.0182204
54.4752 -3.60634e-05 -0.0181727 -1.55197e-05 -0.0181792
54.6009 -3.59621e-05 -0.0181315 -1.55046e-05 -0.0181383
54.7265 -3.58611e-05 -0.0180906 -1.54893e-05 -0.0180975
54.8522 -3.57602e-05 -0.0180499 -1.54736e-05 -0.0180569
54.9779 -3.56595e-05 -0.0180093 -1.54576e-05 -0.0180165
55.1035 -3.5559e-05 -0.017969 -1.54414e-05 -0.0179762
55.2292 -3.54586e-05 -0.0179288 -1.54248e-05 -0.0179362
55.3549 -3.53585e-05 -0.0178888 -1.5408e-05 -0.0178963
55.4805 -3.52585e-05 -0.0178489 -1.53909e-05 -0.0178566
55.6062 -3.51587e-05 -0.0178093 -1.53735e-05 -0.0178171
55.7319 -3.50592e-05 -0.0177698 -1.53559e-05 -0.0177777
55.8575 -3.49598e-05 -0.0177305 -1.5338e-05 -0.0177385
55.9832 -3.48606e-05 -0.0176913 -1.53199e-05 -0.0176995
56.1088 -3.47617e-05 -0.0176523 -1.53015e-05 -0.0176606
56.2345 -3.46629e-05 -0.0176135 -1.52829e-05 -0.017622
56.3602 -3.45644e-05 -0.0175749 -1.5264e-05 -0.0175835
56.4858 -3.44661e-05 -0.0175364 -1.52449e-05 -0.0175451
56.6115 -3.43679e-05 -0.0174981 -1.52256e-05 -0.0175069
56.7372 -3.427e-05 -0.01746 -1.52061e-05 -0.0174689
56.8628 -3.41724e-05 -0.017422 -1.51863e-05 -0.0174311
56.9885 -3.40749e-05 -0.0173842 -1.51664e-05 -0.0173934
57.1142 -3.39777e-05 -0.0173466 -1.51462e-05 -0.0173558
57.2398 -3.38807e-05 -0.0173091 -1.51258e-05 -0.0173185
57.3655 -3.37839e-05 -0.0172718 -1.51053e-05 -0.0172813
57.4911 -3.36874e-05 -0.0172346 -1.50845e-05 -0.0172442
57.6168 -3.3591e-05 -0.0171976 -1.50636e-05 -0.0172073
57.7425 -3.3495e-05 -0.0171608 -1.50424e-05 -0.0171706
57.8681 -3.33991e-05 -0.0171241 -1.50211e-05 -0.017134
57.9938 -3.33035e-05 -0.0170875 -1.49996e-05 -0.0170976
58.1195 -3.32081e-05 -0.0170512 -1.4978e-05 -0.0170613
58.2451 -3.3113e-05 -0.0170149 -1.49562e-05 -0.0170252
58.3708 -3.30181e-05 -0.0169789 -1.49342e-05 -0.0169892
58.4965 -3.29235e-05 -0.0169429 -1.4912e-05 -0.0169534
58.6221 -3.28291e-05 -0.0169072 -1.48897e-05 -0.0169177
58.7478 -3.27349e-05 -0.0168716 -1.48673e-05 -0.0168822
58.8734 -3.2641e-05 -0.0168361 -1.48447e-05 -0.0168468
58.9991 -3.25473e-05 -0.0168008 -1.48219e-05 -0.0168116
59.1248 -3.24539e-05 -0.0167656 -1.4799e-05 -0.0167765
59.2504 -3.23608e-05 -0.0167305 -1.4776e-05 -0.0167416
59.3761 -3.22679e-05 -0.0166957 -1.47528e-05 -0.0167068
59.5018 -3.21752e-05 -0.0166609 -1.47296e-05 -0.0166722
59.6274 -3.20828e-05 -0.0166263 -1.47061e-05 -0.0166377
59.7531 -3.19906e-05 -0.0165919 -1.46826e-05 -0.0166033
59.8788 -3.18987e-05 -0.0165575 -1.46589e-05 -0.0165691
60.0044 -3.18071e-05 -0.0165234 -1.46352e-05 -0.016535
60.1301 -3.17157e-05 -0.0164893 -1.46113e-05 -0.016501
60.2557 -3.16246e-05 -0.0164554 -1.45873e-05 -0.0164672
60.3814 -3.15337e-05 -0.0164217 -1.45632e-05 -0.0164336
60.5071 -3.14431e-05 -0.016388 -1.4539e-05 -0.0164
60.6327 -3.13528e-05 -0.0163546 -1.45146e-05 -0.0163666
60.7584 -3.12627e-05 -0.0163212 -1.44902e-05 -0.0163334
60.8841 -3.11729e-05 -0.016288 -1.44657e-05 -0.0163002
61.0097 -3.10833e-05 -0.0162549 -1.44411e-05 -0.0162672
61.1354 -3.0994e-05 -0.016222 -1.44164e-05 -0.0162344
61.2611 -3.0905e-05 -0.0161892 -1.43916e-05 -0.0162017
61.3867 -3.08162e-05 -0.0161565 -1.43668e-05 -0.016169
61.5124 -3.07277e-05 -0.0161239 -1.43418e-05 -0.0161366
61.638 -3.06394e-05 -0.0160915 -1.43168e-05 -0.0161042
61.7637 -3.05514e-05 -0.0160592 -1.42917e-05 -0.016072
61.8894 -3.04637e-05 -0.016027 -1.42665e-05 -0.0160399
62.015 -3.03763e-05 -0.015995 -1.42413e-05 -0.016008
62.1407 -3.02891e-05 -0.0159631 -1.42159e-05 -0.0159761
62.2664 -3.02021e-05 -0.0159313 -1.41906e-05 -0.0159444
62.392 -3.01155e-05 -0.0158997 -1.41651e-05 -0.0159129
62.5177 -3.00291e-05 -0.0158681 -1.41396e-05 -0.0158814
62.6434 -2.99429e-05 -0.0158367 -1.4114e-05 -0.0158501
62.769 -2.98571e-05 -0.0158054 -1.40884e-05 -0.0158189
62.8947 -2.97715e-05 -0.0157743 -1.40627e-05 -0.0157878
63.0203 -2.96862e-05 -0.0157432 -1.40369e-05 -0.0157568
63.146 -2.96011e-05 -0.0157123 -1.40111e-05 -0.0157259
63.2717 -2.95163e-05 -0.0156815 -1.39853e-05 -0.0156952
63.3973 -2.94318e-05 -0.0156508 -1.39594e-05 -0.0156646
63.523 -2.93475e-05 -0.0156203 -1.39334e-05 -0.0156341
63.6487 -2.92635e-05 -0.0155898 -1.39074e-05 -0.0156037
63.7743 -2.91798e-05 -0.0155595 -1.38814e-05 -0.0155735
63.9 -2.90963e-05 -0.0155293 -1.38553e-05 -0.0155433
64.0257 -2.90131e-05 -0.0154992 -1.38292e-05 -0.0155133
64.1513 -2.89302e-05 -0.0154692 -1.38031e-05 -0.0154834
64.277 -2.88475e-05 -0.0154394 -1.37769e-05 -0.0154536
