0.0628319 0.000503669 -0.910768 -0.000462564 -0.910694
0.188496 0.000324702 -0.780168 -0.000254537 -0.780108
0.314159 0.000300322 -0.684188 -0.000268094 -0.684268
0.439823 0.000325026 -0.61185 -0.000307968 -0.611768
0.565487 0.00033929 -0.555463 -0.000365172 -0.555479
0.69115 0.000311258 -0.510674 -0.000351556 -0.51062
0.816814 0.000187983 -0.474139 -0.000163365 -0.474107
0.942478 0.000174921 -0.443733 -0.000105026 -0.443692
1.06814 0.000137869 -0.418083 -4.76381e-05 -0.41798
1.19381 0.000222503 -0.395761 -0.000145321 -0.395647
1.31947 0.000180441 -0.376441 -0.000308031 -0.376305
1.44513 0.000117531 -0.359351 -0.000269227 -0.35909
1.5708 0.000280389 -0.343766 -3.52503e-05 -0.343633
1.69646 0.000155345 -0.3298 -0.000143061 -0.329666
1.82212 8.10556e-05 -0.316873 -7.03167e-05 -0.316725
1.94779 6.21794e-05 -0.305197 -4.32311e-05 -0.304926
2.07345 1.06456e-05 -0.294282 -5.81435e-05 -0.294055
2.19911 1.26226e-05 -0.284338 -2.98326e-05 -0.284262
2.32478 -3.88465e-05 -0.274676 -0.00017429 -0.274703
2.45044 -0.000114628 -0.265858 -0.000164392 -0.265848
2.57611 -1.7121e-05 -0.257511 6.98136e-05 -0.257327
2.70177 2.35914e-05 -0.249686 1.1429e-05 -0.249611
2.82743 -9.513e-05 -0.242283 -0.00014094 -0.242287
2.9531 6.49709e-05 -0.235245 -5.39808e-05 -0.23538
3.07876 3.44426e-05 -0.228587 -0.000211045 -0.228545
3.20442 -4.45641e-05 -0.222326 -0.000163076 -0.222079
3.33009 -1.21111e-05 -0.216219 -4.83736e-05 -0.216192
3.45575 9.17062e-05 -0.21055 -0.000134312 -0.2105
3.58142 6.35381e-05 -0.205084 -9.4397e-05 -0.205207
3.70708 -5.03555e-06 -0.19997 2.92429e-05 -0.200012
3.83274 3.74279e-05 -0.194795 -0.000166344 -0.195056
3.95841 6.24518e-05 -0.19022 -0.000140094 -0.190289
4.08407 0.000118058 -0.185833 -7.30302e-05 -0.185765
4.20973 0.000102752 -0.181634 -2.16246e-05 -0.181642
4.3354 0.000182388 -0.177437 -8.60872e-05 -0.17744
4.46106 2.0915e-05 -0.17358 -3.01509e-05 -0.173682
4.58673 -2.69481e-05 -0.169905 -9.82553e-06 -0.169748
4.71239 8.22559e-05 -0.166322 -2.28114e-05 -0.166187
4.83805 2.69888e-05 -0.16258 -0.00014798 -0.162751
4.96372 0.000106863 -0.159147 -0.000146739 -0.159257
5.08938 0.000217607 -0.155866 -2.53322e-05 -0.155963
5.21504 0.000230121 -0.152838 8.33553e-05 -0.152728
5.34071 0.000291593 -0.14988 1.29725e-05 -0.149848
5.46637 0.000226713 -0.14712 3.34704e-05 -0.14704
5.59203 0.00011989 -0.144281 -2.26004e-05 -0.144245
5.7177 -4.16508e-05 -0.141647 -4.18203e-05 -0.141594
5.84336 7.63849e-05 -0.139122 -8.71316e-05 -0.139111
5.96903 6.52771e-05 -0.136706 -2.9598e-05 -0.13656
6.09469 -0.000220675 -0.134348 7.81814e-06 -0.13405
6.22035 -4.09989e-05 -0.13204 -8.46045e-06 -0.131924
6.34602 9.12181e-05 -0.129947 2.7044e-05 -0.129586
6.47168 0.000202639 -0.12775 5.59256e-05 -0.127524
6.59734 0.000106408 -0.12561 -0.000134897 -0.125556
6.72301 1.78594e-05 -0.123599 -0.000236108 -0.123586
6.84867 9.90553e-05 -0.121501 -0.000222604 -0.121566
6.97434 -0.000148514 -0.119513 -0.000195499 -0.119519
7.1 -8.2679e-05 -0.117849 -0.000204773 -0.117671
7.22566 1.2537e-05 -0.116117 -0.00023722 -0.115847
7.35133 0.000121058 -0.114435 -0.000164463 -0.114134
7.47699 0.000197915 -0.112484 -1.55985e-05 -0.112604
7.60265 0.000102154 -0.110774 4.52094e-05 -0.111043
7.72832 0.000123836 -0.109328 0.000114922 -0.109479
7.85398 0.000299697 -0.10793 8.93552e-05 -0.107798
7.97965 0.000233058 -0.106478 -5.48098e-05 -0.10616
8.10531 0.000233982 -0.104995 -1.15476e-05 -0.104762
8.23097 8.94438e-05 -0.103557 -3.13005e-05 -0.103352
8.35664 0.000181349 -0.10207 -0.000153815 -0.102035
8.4823 0.000104566 -0.100965 -0.00026098 -0.100687
8.60796 0.000109679 -0.0997844 -0.000360055 -0.099399
8.73363 8.594e-06 -0.098299 -0.00032639 -0.0981133
8.85929 -2.41588e-05 -0.0970447 -0.000188023 -0.0970542
8.98495 6.47141e-05 -0.0959017 -3.46019e-05 -0.095901
9.11062 7.34078e-06 -0.0948162 8.78061e-05 -0.0947169
9.23628 1.55238e-05 -0.0937725 5.97648e-05 -0.0934153
9.36195 2.04316e-05 -0.0925025 0.000161255 -0.0923475
9.48761 -0.00010676 -0.0913563 0.000169177 -0.0912751
9.61327 -6.23959e-05 -0.0900621 3.43643e-05 -0.0902649
9.73894 -0.000185372 -0.0891289 -1.12873e-05 -0.0890147
9.8646 -1.50146e-05 -0.0881432 -0.000227305 -0.087929
9.99026 -6.54406e-05 -0.0872479 -0.000200408 -0.0869285
10.1159 -2.86746e-05 -0.0863225 6.99092e-05 -0.0861001
10.2416 -6.17301e-05 -0.0853265 0.000198773 -0.0852177
10.3673 -5.49819e-05 -0.0845715 0.0002191 -0.0842758
10.4929 5.0703e-05 -0.0836034 -6.52614e-06 -0.0833957
10.6186 -2.47795e-05 -0.0827601 -0.000155645 -0.0824606
10.7442 2.32706e-05 -0.0820095 -0.000283018 -0.0817086
10.8699 -1.48262e-05 -0.0810238 -4.9154e-05 -0.0807356
10.9956 2.17618e-05 -0.0801262 0.00011383 -0.0800319
11.1212 -6.02982e-05 -0.0790702 0.000233818 -0.0792626
11.2469 -0.000151973 -0.0783039 9.17705e-05 -0.0783705
11.3726 -0.000303927 -0.0776516 9.33529e-05 -0.0775594
11.4982 -0.000171851 -0.0768992 0.000164378 -0.0768084
11.6239 4.00517e-05 -0.0760831 0.000109691 -0.0760953
11.7496 5.10952e-05 -0.0753284 0.000165821 -0.075346
11.8752 4.27934e-05 -0.0745113 8.34364e-05 -0.074795
12.0009 -2.52568e-05 -0.0740147 0.000117811 -0.0739819
12.1265 -8.2164e-06 -0.0733052 0.000147625 -0.0733447
12.2522 -7.28576e-05 -0.0726167 -3.51158e-05 -0.0725505
12.3779 -0.000133806 -0.0718169 -7.76057e-05 -0.0719704
12.5035 0.000125283 -0.0712384 -7.81295e-05 -0.0713581
12.6292 6.19142e-05 -0.0707404 -0.000112918 -0.0706954
12.7549 0.000151493 -0.0700066 -0.000107204 -0.0700056
12.8805 -2.88439e-05 -0.0693183 1.55622e-05 -0.0693935
13.0062 -3.97724e-05 -0.0685728 1.7254e-05 -0.0687693
13.1319 -0.000100799 -0.0680414 2.53808e-05 -0.0683674
13.2575 -7.59905e-05 -0.067407 -8.46524e-06 -0.067706
13.3832 -0.000165334 -0.066906 8.0596e-06 -0.0670431
13.5088 -0.000151314 -0.0664456 0.000126295 -0.0664181
13.6345 2.64131e-05 -0.0661223 4.07456e-05 -0.0657906
13.7602 -0.000166659 -0.065398 -2.81819e-05 -0.0652989
13.8858 -0.000170275 -0.0648171 -5.84069e-05 -0.0648742
14.0115 -0.000115155 -0.0643562 -8.50825e-05 -0.0642123
14.1372 -1.85907e-05 -0.0637581 -0.000157924 -0.0637637
14.2628 -2.53567e-05 -0.0631829 -0.000207048 -0.0633051
14.3885 -0.00021561 -0.06294 -0.000244169 -0.0627575
14.5142 -0.000165913 -0.0623828 -0.000127535 -0.0623421
14.6398 -1.34975e-06 -0.0618727 -0.000252728 -0.0616953
14.7655 -0.000240433 -0.0613843 -0.000103478 -0.0614347
14.8911 -0.00010564 -0.060838 -7.51286e-06 -0.0610323
15.0168 4.56212e-05 -0.0604225 -4.48337e-05 -0.0604543
15.1425 0.00022455 -0.060074 -0.000108273 -0.0599231
15.2681 0.00014918 -0.0597962 -0.000147103 -0.0596111
15.3938 7.03569e-05 -0.0592001 -0.000193177 -0.0591581
15.5195 0.000177064 -0.0587555 -0.00027502 -0.058856
15.6451 0.000134813 -0.0583985 -0.000176526 -0.0584556
15.7708 7.14185e-06 -0.0577873 1.72508e-05 -0.0580055
15.8965 -0.000162259 -0.057626 9.42572e-05 -0.0575487
16.0221 0.000182419 -0.0571888 6.90861e-05 -0.0571225
16.1478 9.2335e-05 -0.056775 1.97333e-05 -0.0566427
16.2734 3.48022e-05 -0.0562247 -6.38303e-05 -0.0562888
16.3991 8.23167e-05 -0.0559154 6.23924e-05 -0.0558976
16.5248 5.77784e-05 -0.0554687 -4.84897e-05 -0.0555799
16.6504 9.77424e-05 -0.0551105 -0.000206239 -0.0551968
16.7761 -8.89721e-05 -0.0547256 -2.09533e-05 -0.0547875
16.9018 -9.94649e-06 -0.054366 -1.03724e-05 -0.0543555
17.0274 -0.000208021 -0.0540041 -0.000179573 -0.0540848
17.1531 -5.23722e-05 -0.0536241 -0.000177694 -0.0535355
17.2788 -6.64639e-05 -0.0532489 0.000114094 -0.053222
17.4044 5.21441e-06 -0.0527229 8.05625e-06 -0.0528499
17.5301 -2.11202e-05 -0.0525801 -0.000220092 -0.0525848
17.6558 1.91823e-05 -0.0522627 -5.79727e-05 -0.0522869
17.7814 0.000128821 -0.0519928 1.97582e-05 -0.0519238
17.9071 3.72195e-05 -0.0516819 0.000156711 -0.0514752
18.0327 0.0001187 -0.0514119 0.000118602 -0.0511534
18.1584 -5.43708e-05 -0.0509656 2.97104e-05 -0.0509532
18.2841 4.92084e-06 -0.0507275 -2.97801e-05 -0.0508188
18.4097 6.72623e-05 -0.0502292 -0.000123201 -0.050429
18.5354 0.000146213 -0.0498476 -8.49015e-05 -0.0500135
18.6611 9.74189e-05 -0.0494993 -8.95831e-06 -0.0498649
18.7867 -0.000132369 -0.0493713 -0.000109114 -0.0493876
18.9124 4.95795e-05 -0.0490082 -0.000302073 -0.0489565
19.0381 2.26581e-05 -0.0490024 -0.000113119 -0.0487371
19.1637 -0.000207569 -0.0486229 -7.88684e-05 -0.0485491
19.2894 -0.000137698 -0.0482557 -0.000211604 -0.0483418
19.415 -1.83542e-05 -0.0478461 2.19249e-05 -0.047968
19.5407 -0.000109515 -0.0474943 2.87686e-05 -0.047596
19.6664 -0.000367245 -0.0471536 -4.35763e-05 -0.0472911
19.792 -0.000209616 -0.0469775 -0.000128632 -0.0470878
19.9177 -5.26763e-05 -0.0467417 -0.000252825 -0.0467756
20.0434 -3.73466e-05 -0.0466085 -0.000233631 -0.0466336
20.169 -1.69811e-05 -0.0463144 -0.000163533 -0.0463384
20.2947 -0.000152691 -0.0460449 -0.000108052 -0.0458877
20.4204 7.5573e-05 -0.0457334 -2.43895e-05 -0.0454719
20.546 1.88864e-05 -0.0454986 -4.43557e-05 -0.045405
20.6717 5.67717e-05 -0.0453094 0.000114117 -0.0451244
20.7973 7.75127e-05 -0.0451944 -8.0752e-05 -0.0448908
20.923 5.82731e-05 -0.0449429 -0.000273416 -0.0446293
21.0487 0.000178699 -0.0446429 2.17591e-05 -0.0443198
21.1743 6.93387e-05 -0.0443145 0.000149092 -0.0441082
21.3 0.000302058 -0.0441626 0.00014718 -0.0439387
21.4257 0.000155521 -0.0438365 -6.10255e-05 -0.0437939
21.5513 0.000198595 -0.0435132 -0.000211184 -0.043444
21.677 -1.04901e-05 -0.0432862 -0.000141911 -0.0431562
21.8027 -0.000160176 -0.0431776 5.62532e-05 -0.0429706
21.9283 -9.49395e-05 -0.0429203 2.67309e-05 -0.0428752
22.054 -7.65226e-05 -0.0428539 -8.08052e-05 -0.0425288
22.1796 -0.000181872 -0.0425707 -0.000273101 -0.0422401
22.3053 -0.000122159 -0.0422414 -0.000250639 -0.0418782
22.431 -0.000161228 -0.0418967 -0.000210157 -0.0417684
22.5566 -6.05262e-05 -0.0415393 -0.000272919 -0.041486
22.6823 -0.000214301 -0.0413936 -7.24076e-05 -0.0413127
22.808 -0.000258129 -0.0412167 -1.134e-05 -0.0410565
22.9336 -0.000316157 -0.0411752 -0.000106673 -0.0407548
23.0593 -0.000238307 -0.0408582 -9.10714e-06 -0.0406264
23.185 -0.00019747 -0.0407319 2.22827e-06 -0.0404999
23.3106 4.80839e-05 -0.0405912 6.20196e-06 -0.0401796
23.4363 -0.000162933 -0.0402504 -0.000183722 -0.039986
23.5619 -0.000196806 -0.0401157 -0.000249 -0.0398814
23.6876 -0.000151796 -0.0400141 -0.000239546 -0.039523
23.8133 -7.16418e-05 -0.0398418 -5.61598e-05 -0.0393393
23.9389 -0.000102445 -0.039594 -6.22168e-05 -0.0393115
24.0646 0.000105523 -0.0394062 -4.09631e-05 -0.0391027
24.1903 9.76015e-05 -0.0391618 8.58069e-05 -0.0389192
24.3159 0.000221725 -0.0389911 -0.000138458 -0.0387065
24.4416 2.7226e-05 -0.0388782 -0.000228904 -0.0383417
24.5673 7.00099e-05 -0.0386765 -0.000129928 -0.0383466
24.6929 -5.92634e-05 -0.0382667 -0.00015316 -0.0383045
24.8186 9.392e-05 -0.0380108 -0.000212307 -0.0381539
24.9442 7.91472e-05 -0.0379897 -0.000118509 -0.0380874
25.0699 0.000234329 -0.0376986 -4.53867e-05 -0.0377237
25.1956 0.000180458 -0.0374929 -0.00024916 -0.0377401
25.3212 0.000150284 -0.0374432 -0.000132693 -0.0375315
25.4469 0.000258004 -0.0372527 -0.000152595 -0.0373273
25.5726 0.000198327 -0.0370894 -6.28777e-05 -0.0371072
25.6982 0.000150175 -0.0369626 -5.99332e-05 -0.0368421
25.8239 0.000186694 -0.0368009 7.15755e-05 -0.0367379
25.9496 0.000196535 -0.0366665 -4.44685e-05 -0.0366747
26.0752 8.31846e-05 -0.0365094 0.000189627 -0.0365454
26.2009 0.000122732 -0.0362528 5.14683e-05 -0.0362984
26.3265 0.000121294 -0.0360836 -0.000124099 -0.0362119
26.4522 0.000185419 -0.0359579 -2.12784e-05 -0.0361182
26.5779 0.000258365 -0.0357842 -5.137e-05 -0.0360086
26.7035 0.000248875 -0.0356037 -0.00010744 -0.035737
26.8292 0.000132847 -0.0355197 -0.000156033 -0.0356567
26.9549 0.000202874 -0.0351865 -0.00011433 -0.0354592
27.0805 0.000154112 -0.0351098 -0.000159983 -0.0352306
27.2062 0.00025004 -0.0350739 -2.2847e-05 -0.0351692
27.3319 4.45365e-05 -0.0348149 -0.00019711 -0.0349527
27.4575 0.000112686 -0.0348125 -0.000157621 -0.034829
27.5832 0.000108606 -0.0347347 -0.000181871 -0.0345623
27.7088 -4.82902e-05 -0.034424 5.13913e-05 -0.0344288
27.8345 3.76282e-05 -0.0341614 0.000149676 -0.0342444
27.9602 -6.16152e-06 -0.0341586 0.000150765 -0.0340661
28.0858 -0.000266137 -0.0342768 0.000155125 -0.0339675
28.2115 -0.000200238 -0.0340564 0.000196123 -0.033839
28.3372 -0.000192419 -0.0339368 -3.86634e-05 -0.0336669
28.4628 -0.000165544 -0.0336121 0.000109851 -0.0335997
28.5885 0.000126016 -0.0332948 -0.000115728 -0.0333798
28.7142 0.000111616 -0.03316 -5.90465e-05 -0.0333373
28.8398 -7.40724e-05 -0.0329556 4.86956e-05 -0.033262
28.9655 -8.88487e-05 -0.0329806 2.58033e-05 -0.0330697
29.0911 -0.000108216 -0.0328439 3.67778e-05 -0.0328853
29.2168 -0.000104445 -0.0326108 -0.000318941 -0.0330442
29.3425 -0.000106216 -0.0328004 -8.26432e-05 -0.0328139
29.4681 5.47124e-05 -0.0327859 -0.000199946 -0.0325984
29.5938 7.14998e-05 -0.0324901 -0.000190156 -0.0326429
29.7195 3.85105e-05 -0.032232 -0.000146259 -0.0321925
29.8451 -0.000103675 -0.0320758 0.000107182 -0.0323139
29.9708 -6.32328e-05 -0.0319603 0.00010955 -0.0320465
30.0965 5.67073e-05 -0.0316055 0.000187427 -0.0318068
30.2221 9.72326e-06 -0.0316158 0.000225627 -0.0317358
30.3478 -0.000142402 -0.0316732 0.000177095 -0.031727
30.4734 1.60112e-05 -0.0313627 7.37032e-05 -0.0313783
30.5991 -4.35514e-05 -0.0314402 6.20082e-05 -0.0312374
30.7248 -0.000127326 -0.0310845 8.90852e-05 -0.0311271
30.8504 5.4795e-06 -0.0310751 0.000180605 -0.0310339
30.9761 -1.20461e-05 -0.0309826 0.00011191 -0.0309384
31.1018 2.22119e-05 -0.0309063 0.000186602 -0.0307665
31.2274 4.73645e-05 -0.0308107 0.000239309 -0.0306135
31.3531 5.22759e-05 -0.0309282 0.000230754 -0.0306894
31.4788 -0.000108226 -0.0307206 0.00015175 -0.030603
31.6044 -1.02756e-05 -0.030364 0.00021331 -0.0306145
31.7301 -1.34466e-05 -0.0304373 0.000128697 -0.0303332
31.8557 -2.7934e-05 -0.0301576 2.5537e-05 -0.0303296
31.9814 -7.93595e-05 -0.0301864 0.000180646 -0.0303648
32.1071 -8.09367e-05 -0.0300428 0.000227239 -0.0300734
32.2327 4.18411e-05 -0.0298831 0.000269424 -0.0301198
32.3584 -0.000126563 -0.0299426 0.000168774 -0.0297864
32.4841 -4.47858e-05 -0.0296979 8.13567e-05 -0.0297531
32.6097 -4.14072e-05 -0.0295919 -4.80597e-05 -0.0295712
32.7354 8.12813e-05 -0.0294888 0.000104652 -0.0292391
32.8611 0.000176948 -0.029426 3.2481e-05 -0.0293156
32.9867 -0.000118615 -0.0291774 6.4861e-05 -0.0292314
33.1124 -4.79902e-05 -0.0289632 -4.31958e-05 -0.0292673
33.2381 -6.95205e-05 -0.0287897 -8.68251e-05 -0.0290274
33.3637 1.55704e-05 -0.0288526 -0.000175658 -0.0288713
33.4894 -0.000129912 -0.0288662 1.8725e-05 -0.0287511
33.615 5.55286e-05 -0.028651 3.41394e-05 -0.028814
33.7407 -3.11827e-06 -0.0285526 -5.72334e-05 -0.0287119
33.8664 -0.000253457 -0.0286754 -0.000151833 -0.0285696
33.992 -0.00019229 -0.0285599 5.75044e-06 -0.0284977
34.1177 -0.000181712 -0.0283548 -3.73004e-05 -0.0284825
34.2434 -0.000233298 -0.0282206 -0.00013093 -0.0282147
34.369 -0.000103985 -0.0281404 -0.000113934 -0.0280366
34.4947 -6.05614e-05 -0.0279888 -9.63251e-05 -0.0279774
34.6204 2.34272e-05 -0.0279126 -0.000297165 -0.0279247
34.746 -0.000102785 -0.0278635 -5.54551e-05 -0.027921
34.8717 -7.20696e-05 -0.0278352 -0.000136784 -0.0277352
34.9973 -5.09968e-05 -0.0276489 -0.000100063 -0.0278049
35.123 -7.65319e-05 -0.0274368 2.98001e-05 -0.0275655
35.2487 0.000100673 -0.0274072 -1.24568e-05 -0.0273958
35.3743 2.93804e-05 -0.0272317 -6.47459e-05 -0.0276042
35.5 4.04975e-05 -0.0271879 -5.61386e-05 -0.0274614
35.6257 0.000297552 -0.0272395 6.3318e-05 -0.027162
35.7513 0.000139058 -0.0271667 -0.000128635 -0.0272038
35.877 0.00016326 -0.0271331 -0.000118332 -0.0271085
36.0027 -6.94442e-05 -0.0268509 -8.95621e-05 -0.0269835
36.1283 -0.000137157 -0.0268652 2.52016e-05 -0.0269515
36.254 4.16994e-06 -0.0266167 6.49911e-05 -0.0267816
36.3796 0.000112003 -0.0265694 4.42249e-05 -0.026761
36.5053 -0.00016313 -0.0264037 -1.49274e-05 -0.0268037
36.631 -2.09357e-05 -0.0264215 4.28842e-05 -0.0266445
36.7566 8.83649e-05 -0.0264523 -4.15686e-05 -0.0266
36.8823 0.000134663 -0.0263842 0.000112043 -0.0263907
37.008 0.000112648 -0.0262241 0.000141291 -0.0264034
37.1336 9.35836e-05 -0.0260862 0.000164194 -0.0262763
37.2593 0.000250984 -0.0260803 -8.27513e-05 -0.0262366
37.385 0.000104126 -0.0258604 -3.16177e-05 -0.0261449
37.5106 -2.9324e-05 -0.0257454 -8.33792e-05 -0.0260738
37.6363 6.80849e-05 -0.0257376 -9.19139e-06 -0.0259398
37.7619 9.66177e-05 -0.0254747 1.20739e-05 -0.0258128
37.8876 4.51145e-05 -0.0254694 0.000143396 -0.0256776
38.0133 0.000122275 -0.0254309 0.000130018 -0.0255463
38.1389 5.43176e-05 -0.0254315 8.78318e-05 -0.0255579
38.2646 0.000136658 -0.025357 9.56307e-05 -0.0255177
38.3903 7.87332e-05 -0.0253628 -2.47189e-05 -0.0254393
38.5159 5.29568e-05 -0.0253669 -0.000110223 -0.0253464
38.6416 -1.27945e-05 -0.0251554 -0.000199142 -0.0252969
38.7673 -8.4646e-05 -0.0252673 -0.000113674 -0.0251255
38.8929 3.58116e-05 -0.0249626 -4.51636e-05 -0.0250714
39.0186 4.95676e-05 -0.0251181 0.000147618 -0.0250068
39.1442 -5.05186e-05 -0.0250484 0.000181753 -0.0249506
39.2699 -9.87498e-05 -0.0247228 0.000113446 -0.0248912
39.3956 -0.000153568 -0.0247378 0.000165097 -0.024697
39.5212 -0.000214952 -0.0245122 -4.52489e-05 -0.0247309
39.6469 -0.000228988 -0.0247079 -0.000122538 -0.0245163
39.7726 -0.000336586 -0.0245803 -0.000136219 -0.024524
39.8982 -0.000213589 -0.0244277 2.77087e-05 -0.0244349
40.0239 -0.000117842 -0.024387 -2.02231e-05 -0.0244397
40.1496 -0.000132905 -0.0243307 -0.000180957 -0.0243634
40.2752 -0.000218401 -0.0242845 -9.56833e-05 -0.0241795
40.4009 -0.000251351 -0.0241304 5.92062e-05 -0.0240354
40.5265 -0.000368697 -0.024142 4.19823e-05 -0.0241365
40.6522 -0.00021341 -0.0240061 0.000145912 -0.0241224
40.7779 -0.000103569 -0.0238906 0.000232094 -0.0238765
40.9035 3.01939e-05 -0.0237876 0.000293191 -0.0236778
41.0292 5.91168e-05 -0.0236944 0.000135287 -0.0237368
41.1549 -8.95023e-05 -0.0236244 -4.31602e-05 -0.0236142
41.2805 -0.00010767 -0.0236783 0.000145288 -0.0236679
41.4062 -0.000102772 -0.0236989 -3.35278e-06 -0.0238277
41.5319 -0.000149851 -0.0236593 4.27626e-05 -0.0235357
41.6575 -1.19524e-05 -0.0233485 0.000213292 -0.023603
41.7832 -0.000100163 -0.0231463 0.000133991 -0.0235835
41.9088 -6.64125e-05 -0.0231186 0.000131228 -0.0233834
42.0345 8.53706e-05 -0.0230437 -0.00012297 -0.0233497
42.1602 0.000148052 -0.0232017 -3.74055e-05 -0.0234636
42.2858 0.000138621 -0.0231873 8.25734e-05 -0.0232795
42.4115 0.000116322 -0.0231847 3.19271e-05 -0.0232329
42.5372 7.2681e-05 -0.0230786 0.00011046 -0.0230728
42.6628 9.14123e-05 -0.0231259 7.05033e-05 -0.0231681
42.7885 0.000101366 -0.0229589 -6.64493e-05 -0.0230114
42.9142 -7.36629e-05 -0.022889 6.54819e-06 -0.0227779
43.0398 0.000141295 -0.0227917 5.99674e-05 -0.02275
43.1655 0.000197067 -0.0226979 -5.49537e-05 -0.0226377
43.2911 -7.37012e-05 -0.0227011 -7.31106e-05 -0.022638
43.4168 5.2373e-05 -0.0227446 8.18368e-05 -0.0225969
43.5425 4.63929e-06 -0.0227528 8.93749e-05 -0.0226361
43.6681 7.49448e-06 -0.0225233 0.000175901 -0.0223953
43.7938 -9.03913e-06 -0.0223718 0.000108259 -0.0223625
43.9195 -0.000132368 -0.0222673 -4.06572e-06 -0.0223666
44.0451 -2.54278e-05 -0.0222756 4.12328e-05 -0.0223802
44.1708 8.47952e-05 -0.0222985 -1.74717e-06 -0.022272
44.2965 -0.000179041 -0.0221991 -1.84143e-05 -0.022159
44.4221 -0.000162771 -0.0221233 -5.7045e-05 -0.0221316
44.5478 -0.000205563 -0.022039 2.48901e-05 -0.0218393
44.6734 -9.10029e-05 -0.0219712 4.45519e-05 -0.0216588
44.7991 -5.77853e-05 -0.0218362 0.000163754 -0.021761
44.9248 -0.00022 -0.0217926 0.000102914 -0.0218493
45.0504 -0.000184169 -0.0216461 0.000113869 -0.0215629
45.1761 -3.80821e-05 -0.021632 -1.07801e-07 -0.0217156
45.3018 -8.52126e-05 -0.0214494 -0.000101613 -0.0214453
45.4274 -0.00014344 -0.0215947 0.000142812 -0.0214459
45.5531 -3.98832e-05 -0.0214209 0.000186539 -0.0215903
45.6788 -5.60367e-05 -0.0213984 0.00014656 -0.0214102
45.8044 -2.53423e-05 -0.0212758 0.000231836 -0.0212366
45.9301 4.35922e-05 -0.0214814 7.16599e-05 -0.0213645
46.0557 0.000150984 -0.0212614 -9.96171e-05 -0.0213657
46.1814 8.05063e-05 -0.0211857 1.67968e-05 -0.0211365
46.3071 -0.000200313 -0.0210239 -7.01927e-05 -0.0212532
46.4327 -1.26539e-05 -0.0210328 -2.6902e-06 -0.0211895
46.5584 0.000105026 -0.0208727 0.000125825 -0.0214015
46.6841 3.16951e-05 -0.0208328 0.000219233 -0.0211892
46.8097 -2.20066e-05 -0.0208009 0.000180899 -0.020868
46.9354 -0.000410774 -0.020919 3.94466e-05 -0.0209002
47.0611 -0.000128549 -0.0207629 4.35028e-05 -0.0208199
47.1867 -0.000125328 -0.0208256 2.08954e-05 -0.0208292
47.3124 -0.000178191 -0.0207555 0.000193279 -0.0208138
47.438 -0.000182941 -0.0208067 4.97824e-06 -0.0208246
47.5637 -0.000124107 -0.0206971 -2.20346e-06 -0.0207515
47.6894 5.76411e-05 -0.0206288 -2.32266e-06 -0.0207457
47.815 9.66374e-05 -0.0206689 -2.48694e-05 -0.0205397
47.9407 -6.36432e-05 -0.0205427 0.000115926 -0.0205016
48.0664 -0.000125096 -0.0205731 5.17269e-05 -0.0203154
48.192 -0.000261044 -0.020431 -1.66472e-05 -0.0203894
48.3177 -0.000143957 -0.0203549 -7.06128e-05 -0.0203159
48.4434 -3.5229e-09 -0.0203742 -0.000114012 -0.0203688
48.569 6.274e-05 -0.0203144 -0.000148687 -0.0202262
48.6947 0.000164186 -0.0203541 3.50261e-05 -0.0202141
48.8203 0.000125128 -0.0202269 -1.06829e-05 -0.0199482
48.946 0.000119899 -0.0201221 1.13196e-05 -0.0197398
49.0717 5.94249e-05 -0.0201353 6.81202e-05 -0.0199027
49.1973 -5.53922e-06 -0.0198851 9.27192e-05 -0.0198254
49.323 1.31852e-05 -0.0198574 -4.44699e-05 -0.0198735
49.4487 -6.97217e-05 -0.0199654 -4.54955e-05 -0.0198044
49.5743 -3.7711e-05 -0.0198556 -0.000152288 -0.0198807
49.7 -3.99579e-05 -0.0199012 -0.000180332 -0.0197854
49.8257 9.54391e-05 -0.0198357 -0.000145442 -0.0197976
49.9513 0.000255504 -0.019592 -0.000206026 -0.0195826
50.077 7.7536e-05 -0.0197518 4.96011e-05 -0.0195612
50.2027 0.000210801 -0.0197463 -5.11184e-05 -0.0194712
50.3283 0.000165938 -0.0196525 -0.00013907 -0.0196164
50.454 4.9877e-05 -0.0196311 -4.44929e-05 -0.0194855
50.5796 5.86839e-05 -0.0196036 -5.82061e-05 -0.0192881
50.7053 0.000130743 -0.0196112 -0.000253858 -0.0192989
50.831 5.30124e-05 -0.0193914 -0.000127248 -0.0190931
50.9566 0.000128099 -0.0193975 -0.000128715 -0.0191551
51.0823 1.78056e-05 -0.0193593 -0.000170637 -0.0190164
51.208 0.000159445 -0.0192903 -8.52129e-06 -0.0190724
51.3336 0.000176145 -0.0191098 1.40062e-05 -0.0190189
51.4593 0.000121616 -0.0190889 0.000113557 -0.0189762
51.585 -1.364e-05 -0.019074 4.52149e-05 -0.0189099
51.7106 0.000238913 -0.0190298 3.11305e-06 -0.01898
51.8363 0.000111043 -0.0190176 -2.09367e-05 -0.0188309
51.9619 6.85656e-05 -0.018758 -1.30305e-05 -0.0188243
52.0876 8.77555e-05 -0.0186642 -0.000106299 -0.0187235
52.2133 0.000285004 -0.0187939 -0.00013014 -0.0186833
52.3389 5.55883e-05 -0.0188265 -0.000152131 -0.0187992
52.4646 2.71298e-05 -0.0187101 -0.000141354 -0.0187555
52.5903 -0.000122069 -0.0188416 -8.12976e-05 -0.0188064
52.7159 -0.000260161 -0.0186527 -0.000133339 -0.0186769
52.8416 -5.22657e-05 -0.0184683 2.49727e-06 -0.0186378
52.9673 -2.68418e-05 -0.0186237 -5.26492e-05 -0.0187032
53.0929 -6.80717e-05 -0.0184479 -0.000167824 -0.0186369
53.2186 -5.25056e-05 -0.0183739 -0.000186464 -0.0184762
53.3442 5.01637e-05 -0.0186051 -0.000127306 -0.0184442
53.4699 0.000131332 -0.0186209 -7.35635e-05 -0.0183855
53.5956 0.000155485 -0.0183798 -0.000105305 -0.018439
53.7212 -9.33432e-05 -0.0184021 9.83236e-05 -0.0183741
53.8469 -1.22857e-06 -0.0182007 -0.00015698 -0.0182518
53.9726 -5.04675e-05 -0.0182032 -9.78335e-05 -0.0182023
54.0982 -0.000109978 -0.0184125 0.000174262 -0.0181676
54.2239 -4.78849e-05 -0.0183619 0.000270271 -0.0179648
54.3496 -2.66115e-06 -0.0183485 0.000336799 -0.0179896
54.4752 0.00010326 -0.0180812 0.000120422 -0.018026
54.6009 -4.62962e-05 -0.0180341 0.000102643 -0.0178939
54.7265 -1.60922e-05 -0.0181371 -7.84343e-05 -0.017886
54.8522 -0.000193325 -0.0179733 -9.64286e-05 -0.0178297
54.9779 -0.000164699 -0.0180103 -9.98466e-06 -0.0176518
55.1035 -0.000149788 -0.0179178 0.000102952 -0.0176661
55.2292 -0.000162213 -0.0178503 -0.000178803 -0.0175251
55.3549 -8.84093e-05 -0.0179119 -6.05032e-05 -0.0175793
55.4805 2.53097e-05 -0.0177994 -8.86243e-05 -0.017597
55.6062 0.000143751 -0.0176756 -0.00012653 -0.0175735
55.7319 0.000200412 -0.0175328 -0.000187888 -0.0176927
55.8575 9.35973e-05 -0.0176131 -0.000115558 -0.0175646
55.9832 -2.95926e-05 -0.0175631 -0.000120453 -0.0175536
56.1088 0.000141862 -0.0173931 -2.00826e-05 -0.0175789
56.2345 4.49309e-05 -0.0173937 -5.47684e-06 -0.0175122
56.3602 -1.98248e-05 -0.0174226 9.67947e-05 -0.0174244
56.4858 6.08489e-05 -0.0173504 0.000136926 -0.0174161
56.6115 0.000313034 -0.0173377 0.000103069 -0.0174443
56.7372 0.000142822 -0.0172854 -0.000160702 -0.0171238
56.8628 8.57754e-05 -0.0173037 9.82105e-05 -0.0171655
56.9885 -1.44271e-05 -0.0172904 0.0001367 -0.0171879
57.1142 -1.2955e-05 -0.017312 7.87685e-05 -0.0172396
57.2398 -9.06095e-06 -0.0172247 8.26161e-05 -0.0173111
57.3655 9.50542e-05 -0.0172865 0.000107089 -0.0171551
57.4911 0.000115281 -0.0172014 8.53921e-05 -0.0171023
57.6168 0.000106639 -0.0172065 0.000159485 -0.0171712
57.7425 2.83711e-05 -0.0171502 0.000100657 -0.0171572
57.8681 -3.7291e-05 -0.0170185 2.71895e-05 -0.0172216
57.9938 -5.83304e-06 -0.0169225 -2.95314e-05 -0.0171947
58.1195 8.31542e-05 -0.0169626 0.000124578 -0.0170731
58.2451 0.000160178 -0.0169114 0.000206322 -0.0169752
58.3708 7.41775e-05 -0.0170703 -8.9907e-06 -0.017093
58.4965 7.46206e-05 -0.0168836 -8.38585e-06 -0.0170242
58.6221 -5.06668e-05 -0.0168234 0.000164726 -0.0168884
58.7478 1.47323e-05 -0.016808 0.000171609 -0.0169326
58.8734 -5.32316e-05 -0.016925 -0.000145316 -0.016935
58.9991 4.26708e-05 -0.0167473 4.49761e-05 -0.0167852
59.1248 0.000154857 -0.0168024 9.5434e-05 -0.016758
59.2504 0.000126142 -0.0166715 -2.33757e-05 -0.0166576
59.3761 0.000150476 -0.0167289 -0.000113108 -0.0168167
59.5018 7.29428e-05 -0.0166198 -0.000170481 -0.0166064
59.6274 -6.17261e-06 -0.0165172 -9.68564e-05 -0.0165636
59.7531 4.80625e-05 -0.0166195 -2.16355e-05 -0.0165797
59.8788 -0.000101904 -0.0165383 5.91637e-05 -0.0165647
60.0044 -9.3528e-05 -0.0161916 -9.60359e-05 -0.0165601
60.1301 -1.5082e-05 -0.016215 -0.000135301 -0.0165458
60.2557 0.000113591 -0.0163477 4.09136e-05 -0.0165644
60.3814 7.88601e-05 -0.0164195 0.00021275 -0.0164291
60.5071 0.00016229 -0.0163498 0.00013903 -0.0164208
60.6327 8.94099e-05 -0.0164574 4.76997e-05 -0.0163117
60.7584 2.27668e-05 -0.0163308 -5.64636e-05 -0.0162253
60.8841 9.47864e-05 -0.0161098 9.7434e-05 -0.0162598
61.0097 6.63979e-05 -0.0161736 -0.000121006 -0.0162148
61.1354 -5.7281e-05 -0.0161202 1.71216e-05 -0.0161481
61.2611 0.000147966 -0.0158834 5.61146e-05 -0.0160715
61.3867 -5.83015e-05 -0.0159146 5.41929e-05 -0.0158387
61.5124 -0.000242359 -0.0160575 5.55216e-06 -0.0159119
61.638 -2.67162e-05 -0.0160506 -5.55304e-05 -0.0158724
61.7637 -5.56377e-05 -0.01586 -0.000178105 -0.0160243
61.8894 4.63073e-05 -0.0160946 -9.33783e-06 -0.0158539
62.015 1.30591e-05 -0.0160129 6.25075e-05 -0.0159568
62.1407 0.000152793 -0.0159292 0.000157123 -0.0159541
62.2664 -0.000131128 -0.0158965 -0.000203962 -0.0160264
62.392 -0.000135436 -0.0158775 -0.000200169 -0.0159326
62.5177 -5.05498e-06 -0.0158691 -0.000145156 -0.0158758
62.6434 0.000183975 -0.0157281 -8.44982e-05 -0.0157952
62.769 2.02061e-05 -0.0157208 -1.60806e-05 -0.0156454
62.8947 0.000128811 -0.0158763 0.000219676 -0.0156543
63.0203 -0.000151097 -0.0157673 6.87904e-05 -0.0157375
63.146 -5.72321e-05 -0.0158099 0.000119581 -0.0156932
63.2717 -0.000100108 -0.015731 8.93161e-05 -0.015556
63.3973 -3.54215e-05 -0.0156766 0.000100393 -0.0157272
63.523 -6.64576e-06 -0.0155658 0.000116241 -0.0154336
63.6487 -2.25282e-05 -0.0155067 0.000123186 -0.0154818
63.7743 -3.35121e-05 -0.0154311 -1.65023e-05 -0.0153292
63.9 5.4538e-05 -0.015328 -0.000131453 -0.0151904
64.0257 9.5141e-05 -0.0152598 9.00517e-05 -0.0150577
64.1513 1.51327e-05 -0.0153159 6.57353e-05 -0.0153539
64.277 3.98599e-06 -0.0153485 4.22605e-05 -0.0153449
