0.0628319 0.000503669 -0.910768 -0.000462564 -0.910694
0.188496 0.000324702 -0.780168 -0.000254537 -0.780108
0.314159 0.000300322 -0.684188 -0.000268094 -0.684268
0.439823 0.000325026 -0.61185 -0.000307968 -0.611768
0.565487 0.00033929 -0.555463 -0.000365172 -0.555479
0.69115 0.000311258 -0.510674 -0.000351556 -0.51062
0.816814 0.000187983 -0.474139 -0.000163365 -0.474107
0.942478 0.000174921 -0.443733 -0.000105026 -0.443692
1.06814 0.000137869 -0.418083 -4.76381e-05 -0.41798
1.19381 0.000222503 -0.395761 -0.000145321 -0.395647
1.31947 0.000180441 -0.376441 -0.000308031 -0.376305
1.44513 0.000117531 -0.359351 -0.000269227 -0.35909
1.5708 0.000280389 -0.343766 -3.52503e-05 -0.343633
1.69646 0.000155345 -0.3298 -0.000143061 -0.329666
1.82212 8.10556e-05 -0.316873 -7.03167e-05 -0.316725
1.94779 6.21794e-05 -0.305197 -4.32311e-05 -0.304926
2.07345 1.06456e-05 -0.294282 -5.81435e-05 -0.294055
2.19911 1.26226e-05 -0.284338 -2.98326e-05 -0.284262
2.32478 -3.88465e-05 -0.274676 -0.00017429 -0.274703
2.45044 -0.000114628 -0.265858 -0.000164392 -0.265848
2.57611 -1.71196e-05 -0.257511 6.9813e-05 -0.257327
2.70177 2.35778e-05 -0.249686 1.1436e-05 -0.249611
2.82743 -9.50306e-05 -0.242282 -0.000141004 -0.242287
2.9531 6.44286e-05 -0.235247 -5.35477e-05 -0.23538
3.07876 3.66358e-05 -0.228581 -0.000213143 -0.228542
3.20442 -5.1019e-05 -0.222341 -0.000155975 -0.222089
3.33009 1.08536e-06 -0.216197 -6.38445e-05 -0.216166
3.45575 7.53679e-05 -0.210556 -0.000118483 -0.210542
3.58142 6.84289e-05 -0.205133 -7.95093e-05 -0.205171
3.70708 1.49167e-05 -0.199865 -4.13738e-05 -0.20002
3.83274 7.88056e-06 -0.194884 -8.81277e-05 -0.195055
3.95841 6.5747e-05 -0.190218 -0.000138003 -0.190302
4.08407 0.000129297 -0.185802 -0.000119647 -0.185799
4.20973 0.000142536 -0.181581 -5.716e-05 -0.181547
4.3354 0.000102074 -0.177526 -1.13515e-05 -0.177506
4.46106 4.52369e-05 -0.173621 -1.20282e-05 -0.173619
4.58673 1.30551e-05 -0.169847 -4.6074e-05 -0.169853
4.71239 2.45749e-05 -0.16619 -8.21594e-05 -0.166195
4.83805 7.31125e-05 -0.162647 -9.6473e-05 -0.162653
4.96372 0.000136778 -0.159227 -8.30253e-05 -0.15924
5.08938 0.000191892 -0.155946 -5.035e-05 -0.155967
5.21504 0.000222168 -0.152812 -1.28241e-05 -0.152836
5.34071 0.000221886 -0.149829 1.68845e-05 -0.149843
5.46637 0.000194484 -0.146989 3.16437e-05 -0.146978
5.59203 0.00014899 -0.144278 3.02303e-05 -0.14423
5.7177 9.62469e-05 -0.141678 1.56916e-05 -0.141587
5.84336 4.60524e-05 -0.139173 -6.87914e-06 -0.139041
5.96903 5.54539e-06 -0.136748 -3.22395e-05 -0.136582
6.09469 -2.12964e-05 -0.134393 -5.6192e-05 -0.134206
6.22035 -3.3389e-05 -0.132102 -7.60765e-05 -0.131907
6.34602 -3.18652e-05 -0.129871 -9.07428e-05 -0.129682
6.47168 -1.92738e-05 -0.127701 -0.000100229 -0.127528
6.59734 1.15961e-06 -0.125592 -0.000105334 -0.125443
6.72301 2.61164e-05 -0.123545 -0.000107215 -0.123424
6.84867 5.25847e-05 -0.121562 -0.000107069 -0.121468
6.97434 7.80895e-05 -0.119642 -0.000105928 -0.119573
7.1 0.000100785 -0.117786 -0.000104553 -0.117737
7.22566 0.000119452 -0.115993 -0.000103405 -0.115956
7.35133 0.000133429 -0.114259 -0.000102676 -0.114229
7.47699 0.000142513 -0.112584 -0.000102338 -0.112553
7.60265 0.000146855 -0.110964 -0.000102218 -0.110925
7.72832 0.000146854 -0.109395 -0.000102059 -0.109345
7.85398 0.000143061 -0.107875 -0.000101574 -0.107808
7.97965 0.000136108 -0.106401 -0.000100496 -0.106315
8.10531 0.000126651 -0.104968 -9.8602e-05 -0.104862
8.23097 0.00011532 -0.103576 -9.57314e-05 -0.103449
8.35664 0.0001027 -0.10222 -9.17947e-05 -0.102074
8.4823 8.93058e-05 -0.100899 -8.67709e-05 -0.100736
8.60796 7.55806e-05 -0.0996116 -8.07012e-05 -0.0994323
8.73363 6.189e-05 -0.0983551 -7.36794e-05 -0.0981629
8.85929 4.85266e-05 -0.0971284 -6.58395e-05 -0.0969264
8.98495 3.57161e-05 -0.0959302 -5.73445e-05 -0.0957216
9.11062 2.3624e-05 -0.0947594 -4.83744e-05 -0.0945475
9.23628 1.23645e-05 -0.0936152 -3.91165e-05 -0.0934029
9.36195 2.00842e-06 -0.0924967 -2.97563e-05 -0.0922869
9.48761 -7.40874e-06 -0.0914032 -2.0471e-05 -0.0911985
9.61327 -1.58799e-05 -0.0903341 -1.14238e-05 -0.0901368
9.73894 -2.34197e-05 -0.0892887 -2.7605e-06 -0.0891008
9.8646 -3.00593e-05 -0.0882665 5.39289e-06 -0.0880896
9.99026 -3.58416e-05 -0.0872671 1.29315e-05 -0.0871025
10.1159 -4.08173e-05 -0.0862898 1.97715e-05 -0.0861385
10.2416 -4.50422e-05 -0.0853342 2.585e-05 -0.0851968
10.3673 -4.85743e-05 -0.0843997 3.11234e-05 -0.0842767
10.4929 -5.1472e-05 -0.0834859 3.55662e-05 -0.0833775
10.6186 -5.3793e-05 -0.0825923 3.91689e-05 -0.0824983
10.7442 -5.55929e-05 -0.0817184 4.19366e-05 -0.0816385
10.8699 -5.69246e-05 -0.0808636 4.38865e-05 -0.0807974
10.9956 -5.78381e-05 -0.0800275 4.50461e-05 -0.0799744
11.1212 -5.83796e-05 -0.0792095 4.54513e-05 -0.0791689
11.2469 -5.85921e-05 -0.0784092 4.51448e-05 -0.0783803
11.3726 -5.85149e-05 -0.0776261 4.41744e-05 -0.0776079
11.4982 -5.8184e-05 -0.0768596 4.25913e-05 -0.0768514
11.6239 -5.76319e-05 -0.0761093 4.04493e-05 -0.0761101
11.7496 -5.68883e-05 -0.0753747 3.7803e-05 -0.0753835
11.8752 -5.59797e-05 -0.0746553 3.47077e-05 -0.0746712
12.0009 -5.493e-05 -0.0739506 3.12176e-05 -0.0739728
12.1265 -5.37607e-05 -0.0732603 2.73861e-05 -0.0732878
12.2522 -5.24908e-05 -0.0725838 2.32646e-05 -0.0726158
12.3779 -5.11376e-05 -0.0719207 1.89022e-05 -0.0719563
12.5035 -4.97162e-05 -0.0712706 1.43454e-05 -0.0713091
12.6292 -4.82403e-05 -0.0706331 9.63822e-06 -0.0706738
12.7549 -4.67218e-05 -0.0700079 4.82144e-06 -0.07005
12.8805 -4.51714e-05 -0.0693944 -6.70908e-08 -0.0694374
13.0062 -4.35987e-05 -0.0687925 -4.99258e-06 -0.0688357
13.1319 -4.20119e-05 -0.0682016 -9.92331e-06 -0.0682445
13.2575 -4.04185e-05 -0.0676215 -1.48305e-05 -0.0676637
13.3832 -3.88251e-05 -0.0670519 -1.96884e-05 -0.0670929
13.5088 -3.72374e-05 -0.0664925 -2.44739e-05 -0.0665318
13.6345 -3.56604e-05 -0.0659428 -2.91668e-05 -0.0659802
13.7602 -3.40985e-05 -0.0654028 -3.37491e-05 -0.0654378
13.8858 -3.25557e-05 -0.0648719 -3.82055e-05 -0.0649045
14.0115 -3.10354e-05 -0.0643502 -4.25229e-05 -0.0643799
14.1372 -2.95403e-05 -0.0638371 -4.669e-05 -0.063864
14.2628 -2.80732e-05 -0.0633326 -5.06978e-05 -0.0633563
14.3885 -2.66361e-05 -0.0628363 -5.45388e-05 -0.0628569
14.5142 -2.52308e-05 -0.0623481 -5.82072e-05 -0.0623653
14.6398 -2.3859e-05 -0.0618678 -6.16989e-05 -0.0618816
14.7655 -2.25218e-05 -0.061395 -6.50107e-05 -0.0614054
14.8911 -2.12205e-05 -0.0609297 -6.81409e-05 -0.0609366
15.0168 -1.99557e-05 -0.0604716 -7.1089e-05 -0.0604751
15.1425 -1.87281e-05 -0.0600206 -7.38551e-05 -0.0600206
15.2681 -1.75382e-05 -0.0595765 -7.64404e-05 -0.059573
15.3938 -1.63864e-05 -0.059139 -7.88469e-05 -0.0591322
15.5195 -1.52728e-05 -0.0587081 -8.1077e-05 -0.058698
15.6451 -1.41973e-05 -0.0582836 -8.31339e-05 -0.0582702
15.7708 -1.31601e-05 -0.0578653 -8.50213e-05 -0.0578488
15.8965 -1.21609e-05 -0.0574531 -8.67431e-05 -0.0574335
16.0221 -1.11994e-05 -0.0570469 -8.83038e-05 -0.0570242
16.1478 -1.02753e-05 -0.0566464 -8.9708e-05 -0.0566209
16.2734 -9.3883e-06 -0.0562517 -9.09605e-05 -0.0562234
16.3991 -8.53777e-06 -0.0558625 -9.20666e-05 -0.0558315
16.5248 -7.72325e-06 -0.0554787 -9.30313e-05 -0.0554451
16.6504 -6.94414e-06 -0.0551002 -9.38601e-05 -0.0550642
16.7761 -6.19983e-06 -0.0547269 -9.45582e-05 -0.0546886
16.9018 -5.48964e-06 -0.0543588 -9.51311e-05 -0.0543182
17.0274 -4.81288e-06 -0.0539956 -9.5584e-05 -0.0539529
17.1531 -4.16882e-06 -0.0536372 -9.59225e-05 -0.0535925
17.2788 -3.55673e-06 -0.0532837 -9.61518e-05 -0.0532371
17.4044 -2.97582e-06 -0.0529348 -9.62772e-05 -0.0528865
17.5301 -2.42533e-06 -0.0525905 -9.63038e-05 -0.0525405
17.6558 -1.90445e-06 -0.0522507 -9.62366e-05 -0.0521992
17.7814 -1.41238e-06 -0.0519153 -9.60808e-05 -0.0518623
17.9071 -9.48315e-07 -0.0515843 -9.58409e-05 -0.0515299
18.0327 -5.1144e-07 -0.0512574 -9.55219e-05 -0.0512018
18.1584 -1.00943e-07 -0.0509347 -9.51282e-05 -0.050878
18.2841 2.83989e-07 -0.0506161 -9.46643e-05 -0.0505583
18.4097 6.44164e-07 -0.0503015 -9.41346e-05 -0.0502427
18.5354 9.80386e-07 -0.0499907 -9.3543e-05 -0.0499312
18.6611 1.29345e-06 -0.0496839 -9.28938e-05 -0.0496235
18.7867 1.58415e-06 -0.0493808 -9.21906e-05 -0.0493197
18.9124 1.85326e-06 -0.0490814 -9.14373e-05 -0.0490197
19.0381 2.10155e-06 -0.0487856 -9.06374e-05 -0.0487234
19.1637 2.32978e-06 -0.0484934 -8.97944e-05 -0.0484308
19.2894 2.53869e-06 -0.0482047 -8.89114e-05 -0.0481417
19.415 2.72902e-06 -0.0479194 -8.79917e-05 -0.0478562
19.5407 2.90148e-06 -0.0476376 -8.70382e-05 -0.0475741
19.6664 3.05677e-06 -0.047359 -8.60539e-05 -0.0472953
19.792 3.19559e-06 -0.0470837 -8.50414e-05 -0.0470199
19.9177 3.3186e-06 -0.0468116 -8.40034e-05 -0.0467478
20.0434 3.42646e-06 -0.0465427 -8.29423e-05 -0.0464788
20.169 3.51981e-06 -0.0462768 -8.18605e-05 -0.046213
20.2947 3.59929e-06 -0.046014 -8.07602e-05 -0.0459503
20.4204 3.66548e-06 -0.0457542 -7.96437e-05 -0.0456906
20.546 3.719e-06 -0.0454973 -7.85128e-05 -0.0454339
20.6717 3.76041e-06 -0.0452433 -7.73695e-05 -0.0451802
20.7973 3.79027e-06 -0.0449921 -7.62157e-05 -0.0449293
20.923 3.80912e-06 -0.0447438 -7.50529e-05 -0.0446812
21.0487 3.8175e-06 -0.0444981 -7.38829e-05 -0.044436
21.1743 3.81591e-06 -0.0442552 -7.27071e-05 -0.0441934
21.3 3.80484e-06 -0.044015 -7.15271e-05 -0.0439536
21.4257 3.78478e-06 -0.0437773 -7.0344e-05 -0.0437163
21.5513 3.75618e-06 -0.0435422 -6.91593e-05 -0.0434817
21.677 3.7195e-06 -0.0433097 -6.79741e-05 -0.0432496
21.8027 3.67516e-06 -0.0430796 -6.67895e-05 -0.0430201
21.9283 3.62359e-06 -0.042852 -6.56066e-05 -0.042793
22.054 3.56519e-06 -0.0426267 -6.44264e-05 -0.0425683
22.1796 3.50034e-06 -0.0424039 -6.32497e-05 -0.0423461
22.3053 3.42943e-06 -0.0421834 -6.20775e-05 -0.0421261
22.431 3.3528e-06 -0.0419652 -6.09105e-05 -0.0419085
22.5566 3.27082e-06 -0.0417492 -5.97495e-05 -0.0416932
22.6823 3.1838e-06 -0.0415355 -5.85951e-05 -0.0414801
22.808 3.09209e-06 -0.0413239 -5.74481e-05 -0.0412692
22.9336 2.99598e-06 -0.0411146 -5.6309e-05 -0.0410604
23.0593 2.89577e-06 -0.0409073 -5.51783e-05 -0.0408538
23.185 2.79175e-06 -0.0407021 -5.40566e-05 -0.0406493
23.3106 2.68419e-06 -0.040499 -5.29442e-05 -0.0404469
23.4363 2.57336e-06 -0.0402979 -5.18418e-05 -0.0402465
23.5619 2.45951e-06 -0.0400989 -5.07496e-05 -0.0400481
23.6876 2.34287e-06 -0.0399017 -4.96679e-05 -0.0398517
23.8133 2.22369e-06 -0.0397066 -4.85972e-05 -0.0396572
23.9389 2.10217e-06 -0.0395133 -4.75376e-05 -0.0394646
24.0646 1.97854e-06 -0.0393219 -4.64896e-05 -0.0392739
24.1903 1.853e-06 -0.0391324 -4.54532e-05 -0.0390851
24.3159 1.72574e-06 -0.0389447 -4.44287e-05 -0.0388981
24.4416 1.59695e-06 -0.0387588 -4.34163e-05 -0.0387129
24.5673 1.4668e-06 -0.0385747 -4.24161e-05 -0.0385295
24.6929 1.33546e-06 -0.0383923 -4.14283e-05 -0.0383478
24.8186 1.2031e-06 -0.0382116 -4.04531e-05 -0.0381678
24.9442 1.06986e-06 -0.0380327 -3.94904e-05 -0.0379896
25.0699 9.35902e-07 -0.0378554 -3.85403e-05 -0.037813
25.1956 8.01352e-07 -0.0376798 -3.7603e-05 -0.037638
25.3212 6.66347e-07 -0.0375058 -3.66785e-05 -0.0374647
25.4469 5.31013e-07 -0.0373334 -3.57668e-05 -0.037293
25.5726 3.9547e-07 -0.0371626 -3.4868e-05 -0.0371229
25.6982 2.59832e-07 -0.0369933 -3.39819e-05 -0.0369543
25.8239 1.24206e-07 -0.0368256 -3.31087e-05 -0.0367873
25.9496 -1.13057e-08 -0.0366594 -3.22483e-05 -0.0366217
26.0752 -1.46606e-07 -0.0364947 -3.14007e-05 -0.0364577
26.2009 -2.81603e-07 -0.0363315 -3.05658e-05 -0.0362951
26.3265 -4.1621e-07 -0.0361698 -2.97436e-05 -0.036134
26.4522 -5.50346e-07 -0.0360094 -2.8934e-05 -0.0359743
26.5779 -6.83932e-07 -0.0358505 -2.8137e-05 -0.0358161
26.7035 -8.16897e-07 -0.035693 -2.73524e-05 -0.0356592
26.8292 -9.49171e-07 -0.0355369 -2.65803e-05 -0.0355037
26.9549 -1.08069e-06 -0.0353822 -2.58205e-05 -0.0353496
27.0805 -1.21139e-06 -0.0352288 -2.50729e-05 -0.0351967
27.2062 -1.34122e-06 -0.0350767 -2.43375e-05 -0.0350453
27.3319 -1.47013e-06 -0.0349259 -2.36141e-05 -0.0348951
27.4575 -1.59805e-06 -0.0347764 -2.29026e-05 -0.0347462
27.5832 -1.72496e-06 -0.0346282 -2.22029e-05 -0.0345986
27.7088 -1.8508e-06 -0.0344813 -2.15149e-05 -0.0344522
27.8345 -1.97553e-06 -0.0343355 -2.08385e-05 -0.034307
27.9602 -2.09912e-06 -0.0341911 -2.01736e-05 -0.0341631
28.0858 -2.22152e-06 -0.0340478 -1.952e-05 -0.0340204
28.2115 -2.34272e-06 -0.0339057 -1.88776e-05 -0.0338789
28.3372 -2.46267e-06 -0.0337648 -1.82463e-05 -0.0337385
28.4628 -2.58136e-06 -0.0336251 -1.76259e-05 -0.0335993
28.5885 -2.69875e-06 -0.0334866 -1.70164e-05 -0.0334613
28.7142 -2.81482e-06 -0.0333491 -1.64175e-05 -0.0333244
28.8398 -2.92956e-06 -0.0332128 -1.58292e-05 -0.0331886
28.9655 -3.04294e-06 -0.0330776 -1.52513e-05 -0.0330539
29.0911 -3.15495e-06 -0.0329435 -1.46837e-05 -0.0329202
29.2168 -3.26557e-06 -0.0328105 -1.41263e-05 -0.0327877
29.3425 -3.37479e-06 -0.0326785 -1.35788e-05 -0.0326562
29.4681 -3.4826e-06 -0.0325476 -1.30412e-05 -0.0325258
29.5938 -3.58898e-06 -0.0324178 -1.25134e-05 -0.0323964
29.7195 -3.69394e-06 -0.0322889 -1.19952e-05 -0.0322681
29.8451 -3.79745e-06 -0.0321611 -1.14864e-05 -0.0321407
29.9708 -3.89952e-06 -0.0320343 -1.0987e-05 -0.0320143
30.0965 -4.00014e-06 -0.0319085 -1.04968e-05 -0.031889
30.2221 -4.09931e-06 -0.0317837 -1.00156e-05 -0.0317646
30.3478 -4.19702e-06 -0.0316599 -9.54333e-06 -0.0316411
30.4734 -4.29327e-06 -0.031537 -9.07986e-06 -0.0315187
30.5991 -4.38808e-06 -0.031415 -8.62505e-06 -0.0313971
30.7248 -4.48142e-06 -0.031294 -8.17876e-06 -0.0312765
30.8504 -4.57331e-06 -0.0311739 -7.74087e-06 -0.0311568
30.9761 -4.66376e-06 -0.0310548 -7.31124e-06 -0.0310381
31.1018 -4.75275e-06 -0.0309365 -6.88974e-06 -0.0309202
31.2274 -4.8403e-06 -0.0308191 -6.47624e-06 -0.0308032
31.3531 -4.92642e-06 -0.0307027 -6.07063e-06 -0.0306871
31.4788 -5.0111e-06 -0.0305871 -5.67276e-06 -0.0305719
31.6044 -5.09436e-06 -0.0304723 -5.28252e-06 -0.0304575
31.7301 -5.1762e-06 -0.0303584 -4.89979e-06 -0.0303439
31.8557 -5.25662e-06 -0.0302454 -4.52443e-06 -0.0302312
31.9814 -5.33565e-06 -0.0301332 -4.15633e-06 -0.0301194
32.1071 -5.41328e-06 -0.0300218 -3.79538e-06 -0.0300083
32.2327 -5.48952e-06 -0.0299112 -3.44145e-06 -0.0298981
32.3584 -5.56439e-06 -0.0298015 -3.09442e-06 -0.0297887
32.4841 -5.63789e-06 -0.0296925 -2.75418e-06 -0.02968
32.6097 -5.71004e-06 -0.0295843 -2.42062e-06 -0.0295722
32.7354 -5.78084e-06 -0.029477 -2.09362e-06 -0.0294651
32.8611 -5.85031e-06 -0.0293704 -1.77308e-06 -0.0293588
32.9867 -5.91846e-06 -0.0292645 -1.45888e-06 -0.0292532
33.1124 -5.98529e-06 -0.0291594 -1.15091e-06 -0.0291484
33.2381 -6.05083e-06 -0.0290551 -8.49068e-07 -0.0290444
33.3637 -6.11508e-06 -0.0289515 -5.53251e-07 -0.0289411
33.4894 -6.17805e-06 -0.0288486 -2.63353e-07 -0.0288385
33.615 -6.23976e-06 -0.0287465 2.07292e-08 -0.0287366
33.7407 -6.30022e-06 -0.028645 2.99096e-07 -0.0286354
33.8664 -6.35945e-06 -0.0285443 5.71846e-07 -0.028535
33.992 -6.41745e-06 -0.0284443 8.39078e-07 -0.0284352
34.1177 -6.47424e-06 -0.028345 1.10089e-06 -0.0283362
34.2434 -6.52983e-06 -0.0282463 1.35737e-06 -0.0282378
34.369 -6.58424e-06 -0.0281484 1.60862e-06 -0.0281401
34.4947 -6.63747e-06 -0.0280511 1.85473e-06 -0.028043
34.6204 -6.68955e-06 -0.0279545 2.0958e-06 -0.0279466
34.746 -6.74048e-06 -0.0278585 2.3319e-06 -0.0278509
34.8717 -6.79028e-06 -0.0277632 2.56312e-06 -0.0277558
34.9973 -6.83897e-06 -0.0276686 2.78957e-06 -0.0276614
35.123 -6.88655e-06 -0.0275746 3.01131e-06 -0.0275676
35.2487 -6.93304e-06 -0.0274812 3.22843e-06 -0.0274744
35.3743 -6.97846e-06 -0.0273884 3.44103e-06 -0.0273819
35.5 -7.02281e-06 -0.0272963 3.64916e-06 -0.02729
35.6257 -7.06611e-06 -0.0272048 3.85293e-06 -0.0271986
35.7513 -7.10838e-06 -0.0271138 4.0524e-06 -0.0271079
35.877 -7.14963e-06 -0.0270235 4.24766e-06 -0.0270178
36.0027 -7.18986e-06 -0.0269338 4.43877e-06 -0.0269283
36.1283 -7.2291e-06 -0.0268447 4.62582e-06 -0.0268393
36.254 -7.26736e-06 -0.0267561 4.80888e-06 -0.026751
36.3796 -7.30465e-06 -0.0266682 4.98801e-06 -0.0266632
36.5053 -7.34099e-06 -0.0265808 5.1633e-06 -0.026576
36.631 -7.37638e-06 -0.0264939 5.33481e-06 -0.0264893
36.7566 -7.41085e-06 -0.0264077 5.50261e-06 -0.0264032
36.8823 -7.4444e-06 -0.0263219 5.66676e-06 -0.0263177
37.008 -7.47704e-06 -0.0262368 5.82734e-06 -0.0262327
37.1336 -7.5088e-06 -0.0261522 5.98441e-06 -0.0261482
37.2593 -7.53968e-06 -0.0260681 6.13803e-06 -0.0260643
37.385 -7.56969e-06 -0.0259845 6.28826e-06 -0.0259809
37.5106 -7.59885e-06 -0.0259015 6.43517e-06 -0.025898
37.6363 -7.62718e-06 -0.025819 6.57883e-06 -0.0258157
37.7619 -7.65467e-06 -0.0257371 6.71928e-06 -0.0257339
37.8876 -7.68135e-06 -0.0256556 6.85659e-06 -0.0256526
38.0133 -7.70723e-06 -0.0255747 6.99081e-06 -0.0255718
38.1389 -7.73232e-06 -0.0254942 7.12201e-06 -0.0254915
38.2646 -7.75663e-06 -0.0254143 7.25023e-06 -0.0254117
38.3903 -7.78018e-06 -0.0253349 7.37553e-06 -0.0253324
38.5159 -7.80297e-06 -0.0252559 7.49797e-06 -0.0252535
38.6416 -7.82502e-06 -0.0251775 7.6176e-06 -0.0251752
38.7673 -7.84633e-06 -0.0250995 7.73448e-06 -0.0250973
38.8929 -7.86693e-06 -0.025022 7.84864e-06 -0.02502
39.0186 -7.88681e-06 -0.0249449 7.96014e-06 -0.0249431
39.1442 -7.906e-06 -0.0248684 8.06904e-06 -0.0248666
39.2699 -7.92451e-06 -0.0247923 8.17537e-06 -0.0247906
39.3956 -7.94233e-06 -0.0247166 8.2792e-06 -0.0247151
39.5212 -7.9595e-06 -0.0246415 8.38055e-06 -0.02464
39.6469 -7.97601e-06 -0.0245667 8.47949e-06 -0.0245654
39.7726 -7.99187e-06 -0.0244924 8.57604e-06 -0.0244912
39.8982 -8.00711e-06 -0.0244186 8.67027e-06 -0.0244175
40.0239 -8.02172e-06 -0.0243452 8.76221e-06 -0.0243442
40.1496 -8.03571e-06 -0.0242722 8.8519e-06 -0.0242714
40.2752 -8.04911e-06 -0.0241997 8.93939e-06 -0.0241989
40.4009 -8.06191e-06 -0.0241276 9.02472e-06 -0.0241269
40.5265 -8.07413e-06 -0.0240559 9.10792e-06 -0.0240553
40.6522 -8.08578e-06 -0.0239847 9.18904e-06 -0.0239842
40.7779 -8.09686e-06 -0.0239139 9.26812e-06 -0.0239134
40.9035 -8.10739e-06 -0.0238434 9.34519e-06 -0.0238431
41.0292 -8.11738e-06 -0.0237734 9.42029e-06 -0.0237732
41.1549 -8.12683e-06 -0.0237038 9.49346e-06 -0.0237036
41.2805 -8.13576e-06 -0.0236346 9.56473e-06 -0.0236345
41.4062 -8.14417e-06 -0.0235658 9.63415e-06 -0.0235658
41.5319 -8.15207e-06 -0.0234974 9.70174e-06 -0.0234975
41.6575 -8.15947e-06 -0.0234294 9.76753e-06 -0.0234295
41.7832 -8.16638e-06 -0.0233617 9.83157e-06 -0.023362
41.9088 -8.17281e-06 -0.0232945 9.89389e-06 -0.0232948
42.0345 -8.17876e-06 -0.0232276 9.95451e-06 -0.023228
42.1602 -8.18425e-06 -0.0231612 1.00135e-05 -0.0231616
42.2858 -8.18928e-06 -0.023095 1.00708e-05 -0.0230956
42.4115 -8.19386e-06 -0.0230293 1.01265e-05 -0.0230299
42.5372 -8.198e-06 -0.022964 1.01807e-05 -0.0229646
42.6628 -8.20171e-06 -0.022899 1.02333e-05 -0.0228997
42.7885 -8.20499e-06 -0.0228343 1.02845e-05 -0.0228351
42.9142 -8.20786e-06 -0.0227701 1.03341e-05 -0.0227709
43.0398 -8.21031e-06 -0.0227061 1.03823e-05 -0.0227071
43.1655 -8.21236e-06 -0.0226426 1.0429e-05 -0.0226436
43.2911 -8.21401e-06 -0.0225794 1.04744e-05 -0.0225804
43.4168 -8.21528e-06 -0.0225165 1.05184e-05 -0.0225176
43.5425 -8.21616e-06 -0.022454 1.0561e-05 -0.0224552
43.6681 -8.21667e-06 -0.0223918 1.06023e-05 -0.0223931
43.7938 -8.21681e-06 -0.02233 1.06423e-05 -0.0223313
43.9195 -8.21659e-06 -0.0222685 1.06811e-05 -0.0222698
44.0451 -8.21602e-06 -0.0222073 1.07186e-05 -0.0222087
44.1708 -8.2151e-06 -0.0221465 1.07549e-05 -0.022148
44.2965 -8.21384e-06 -0.022086 1.07899e-05 -0.0220875
44.4221 -8.21224e-06 -0.0220258 1.08238e-05 -0.0220274
44.5478 -8.21032e-06 -0.021966 1.08566e-05 -0.0219676
44.6734 -8.20807e-06 -0.0219065 1.08882e-05 -0.0219081
44.7991 -8.20551e-06 -0.0218473 1.09187e-05 -0.021849
44.9248 -8.20263e-06 -0.0217884 1.09481e-05 -0.0217901
45.0504 -8.19946e-06 -0.0217298 1.09764e-05 -0.0217316
45.1761 -8.19598e-06 -0.0216715 1.10037e-05 -0.0216734
45.3018 -8.19221e-06 -0.0216136 1.103e-05 -0.0216154
45.4274 -8.18816e-06 -0.0215559 1.10552e-05 -0.0215578
45.5531 -8.18382e-06 -0.0214986 1.10795e-05 -0.0215005
45.6788 -8.17921e-06 -0.0214415 1.11028e-05 -0.0214435
45.8044 -8.17433e-06 -0.0213848 1.11251e-05 -0.0213868
45.9301 -8.16918e-06 -0.0213283 1.11465e-05 -0.0213304
46.0557 -8.16377e-06 -0.0212722 1.1167e-05 -0.0212743
46.1814 -8.15811e-06 -0.0212163 1.11865e-05 -0.0212185
46.3071 -8.1522e-06 -0.0211607 1.12052e-05 -0.0211629
46.4327 -8.14604e-06 -0.0211055 1.12231e-05 -0.0211077
46.5584 -8.13965e-06 -0.0210505 1.12401e-05 -0.0210527
46.6841 -8.13302e-06 -0.0209957 1.12562e-05 -0.020998
46.8097 -8.12615e-06 -0.0209413 1.12716e-05 -0.0209436
46.9354 -8.11907e-06 -0.0208871 1.12861e-05 -0.0208895
47.0611 -8.11176e-06 -0.0208333 1.12999e-05 -0.0208356
47.1867 -8.10424e-06 -0.0207797 1.13129e-05 -0.0207821
47.3124 -8.0965e-06 -0.0207263 1.13251e-05 -0.0207288
47.438 -8.08856e-06 -0.0206733 1.13366e-05 -0.0206757
47.5637 -8.08042e-06 -0.0206205 1.13474e-05 -0.020623
47.6894 -8.07207e-06 -0.0205679 1.13574e-05 -0.0205705
47.815 -8.06353e-06 -0.0205157 1.13668e-05 -0.0205182
47.9407 -8.0548e-06 -0.0204637 1.13755e-05 -0.0204662
48.0664 -8.04589e-06 -0.0204119 1.13835e-05 -0.0204145
48.192 -8.03679e-06 -0.0203604 1.13909e-05 -0.0203631
48.3177 -8.02751e-06 -0.0203092 1.13976e-05 -0.0203119
48.4434 -8.01806e-06 -0.0202582 1.14036e-05 -0.0202609
48.569 -8.00844e-06 -0.0202075 1.14091e-05 -0.0202102
48.6947 -7.99865e-06 -0.0201571 1.1414e-05 -0.0201598
48.8203 -7.9887e-06 -0.0201068 1.14182e-05 -0.0201096
48.946 -7.97859e-06 -0.0200569 1.14219e-05 -0.0200596
49.0717 -7.96832e-06 -0.0200071 1.1425e-05 -0.0200099
49.1973 -7.9579e-06 -0.0199577 1.14276e-05 -0.0199605
49.323 -7.94732e-06 -0.0199084 1.14296e-05 -0.0199112
49.4487 -7.93661e-06 -0.0198594 1.1431e-05 -0.0198623
49.5743 -7.92575e-06 -0.0198107 1.1432e-05 -0.0198135
49.7 -7.91475e-06 -0.0197621 1.14324e-05 -0.019765
49.8257 -7.90362e-06 -0.0197138 1.14323e-05 -0.0197167
49.9513 -7.89235e-06 -0.0196658 1.14317e-05 -0.0196687
50.077 -7.88095e-06 -0.019618 1.14307e-05 -0.0196209
50.2027 -7.86943e-06 -0.0195704 1.14291e-05 -0.0195733
50.3283 -7.85778e-06 -0.019523 1.14271e-05 -0.019526
50.454 -7.84601e-06 -0.0194758 1.14247e-05 -0.0194788
50.5796 -7.83412e-06 -0.0194289 1.14218e-05 -0.0194319
50.7053 -7.82212e-06 -0.0193822 1.14184e-05 -0.0193852
50.831 -7.81001e-06 -0.0193358 1.14146e-05 -0.0193388
50.9566 -7.79778e-06 -0.0192895 1.14104e-05 -0.0192926
51.0823 -7.78545e-06 -0.0192435 1.14058e-05 -0.0192465
51.208 -7.77302e-06 -0.0191977 1.14008e-05 -0.0192007
51.3336 -7.76048e-06 -0.0191521 1.13954e-05 -0.0191551
51.4593 -7.74785e-06 -0.0191067 1.13896e-05 -0.0191098
51.585 -7.73512e-06 -0.0190615 1.13835e-05 -0.0190646
51.7106 -7.72229e-06 -0.0190166 1.13769e-05 -0.0190197
51.8363 -7.70938e-06 -0.0189718 1.137e-05 -0.0189749
51.9619 -7.69637e-06 -0.0189273 1.13627e-05 -0.0189304
52.0876 -7.68328e-06 -0.0188829 1.13551e-05 -0.0188861
52.2133 -7.67011e-06 -0.0188388 1.13472e-05 -0.0188419
52.3389 -7.65685e-06 -0.0187949 1.13389e-05 -0.018798
52.4646 -7.64351e-06 -0.0187511 1.13303e-05 -0.0187543
52.5903 -7.6301e-06 -0.0187076 1.13214e-05 -0.0187108
52.7159 -7.61661e-06 -0.0186643 1.13121e-05 -0.0186675
52.8416 -7.60304e-06 -0.0186212 1.13026e-05 -0.0186244
52.9673 -7.58941e-06 -0.0185782 1.12927e-05 -0.0185814
53.0929 -7.57571e-06 -0.0185355 1.12826e-05 -0.0185387
53.2186 -7.56194e-06 -0.018493 1.12722e-05 -0.0184962
53.3442 -7.5481e-06 -0.0184506 1.12615e-05 -0.0184538
53.4699 -7.5342e-06 -0.0184085 1.12505e-05 -0.0184117
53.5956 -7.52025e-06 -0.0183665 1.12392e-05 -0.0183697
53.7212 -7.50623e-06 -0.0183247 1.12277e-05 -0.018328
53.8469 -7.49215e-06 -0.0182831 1.1216e-05 -0.0182864
53.9726 -7.47802e-06 -0.0182417 1.12039e-05 -0.018245
54.0982 -7.46384e-06 -0.0182005 1.11917e-05 -0.0182038
54.2239 -7.4496e-06 -0.0181595 1.11792e-05 -0.0181627
54.3496 -7.43531e-06 -0.0181186 1.11664e-05 -0.0181219
54.4752 -7.42098e-06 -0.018078 1.11535e-05 -0.0180812
54.6009 -7.40659e-06 -0.0180375 1.11403e-05 -0.0180408
54.7265 -7.39217e-06 -0.0179972 1.11269e-05 -0.0180005
54.8522 -7.3777e-06 -0.017957 1.11133e-05 -0.0179603
54.9779 -7.36318e-06 -0.0179171 1.10994e-05 -0.0179204
55.1035 -7.34863e-06 -0.0178773 1.10854e-05 -0.0178806
55.2292 -7.33404e-06 -0.0178377 1.10712e-05 -0.017841
55.3549 -7.31941e-06 -0.0177983 1.10567e-05 -0.0178016
55.4805 -7.30474e-06 -0.017759 1.10421e-05 -0.0177623
55.6062 -7.29004e-06 -0.01772 1.10273e-05 -0.0177233
55.7319 -7.27531e-06 -0.017681 1.10123e-05 -0.0176844
55.8575 -7.26054e-06 -0.0176423 1.09972e-05 -0.0176456
55.9832 -7.24575e-06 -0.0176037 1.09818e-05 -0.017607
56.1088 -7.23092e-06 -0.0175653 1.09663e-05 -0.0175686
56.2345 -7.21607e-06 -0.0175271 1.09507e-05 -0.0175304
56.3602 -7.20119e-06 -0.017489 1.09349e-05 -0.0174923
56.4858 -7.18629e-06 -0.0174511 1.09189e-05 -0.0174544
56.6115 -7.17136e-06 -0.0174133 1.09027e-05 -0.0174166
56.7372 -7.15641e-06 -0.0173757 1.08865e-05 -0.017379
56.8628 -7.14144e-06 -0.0173383 1.087e-05 -0.0173416
56.9885 -7.12645e-06 -0.017301 1.08535e-05 -0.0173043
57.1142 -7.11144e-06 -0.0172639 1.08368e-05 -0.0172672
57.2398 -7.09641e-06 -0.0172269 1.08199e-05 -0.0172303
57.3655 -7.08137e-06 -0.0171901 1.08029e-05 -0.0171935
57.4911 -7.06631e-06 -0.0171535 1.07858e-05 -0.0171568
57.6168 -7.05123e-06 -0.017117 1.07686e-05 -0.0171203
57.7425 -7.03614e-06 -0.0170807 1.07513e-05 -0.017084
57.8681 -7.02104e-06 -0.0170445 1.07338e-05 -0.0170478
57.9938 -7.00593e-06 -0.0170085 1.07163e-05 -0.0170118
58.1195 -6.99081e-06 -0.0169726 1.06986e-05 -0.0169759
58.2451 -6.97567e-06 -0.0169369 1.06808e-05 -0.0169402
58.3708 -6.96053e-06 -0.0169013 1.06629e-05 -0.0169046
58.4965 -6.94538e-06 -0.0168658 1.06449e-05 -0.0168692
58.6221 -6.93023e-06 -0.0168306 1.06268e-05 -0.0168339
58.7478 -6.91507e-06 -0.0167954 1.06086e-05 -0.0167987
58.8734 -6.8999e-06 -0.0167604 1.05903e-05 -0.0167637
58.9991 -6.88473e-06 -0.0167256 1.05719e-05 -0.0167289
59.1248 -6.86956e-06 -0.0166909 1.05535e-05 -0.0166942
59.2504 -6.85438e-06 -0.0166563 1.05349e-05 -0.0166596
59.3761 -6.83921e-06 -0.0166219 1.05163e-05 -0.0166252
59.5018 -6.82403e-06 -0.0165876 1.04976e-05 -0.0165909
59.6274 -6.80885e-06 -0.0165534 1.04788e-05 -0.0165568
59.7531 -6.79368e-06 -0.0165194 1.04599e-05 -0.0165227
59.8788 -6.7785e-06 -0.0164856 1.0441e-05 -0.0164889
60.0044 -6.76333e-06 -0.0164518 1.0422e-05 -0.0164551
60.1301 -6.74816e-06 -0.0164182 1.04029e-05 -0.0164216
60.2557 -6.733e-06 -0.0163848 1.03838e-05 -0.0163881
60.3814 -6.71784e-06 -0.0163515 1.03646e-05 -0.0163548
60.5071 -6.70268e-06 -0.0163183 1.03453e-05 -0.0163216
60.6327 -6.68754e-06 -0.0162852 1.0326e-05 -0.0162885
60.7584 -6.67239e-06 -0.0162523 1.03066e-05 -0.0162556
60.8841 -6.65726e-06 -0.0162195 1.02872e-05 -0.0162228
61.0097 -6.64213e-06 -0.0161869 1.02677e-05 -0.0161901
61.1354 -6.62701e-06 -0.0161543 1.02481e-05 -0.0161576
61.2611 -6.61191e-06 -0.0161219 1.02285e-05 -0.0161252
61.3867 -6.59681e-06 -0.0160897 1.02089e-05 -0.0160929
61.5124 -6.58172e-06 -0.0160575 1.01892e-05 -0.0160608
61.638 -6.56664e-06 -0.0160255 1.01695e-05 -0.0160288
61.7637 -6.55158e-06 -0.0159936 1.01497e-05 -0.0159969
61.8894 -6.53652e-06 -0.0159618 1.01299e-05 -0.0159651
62.015 -6.52148e-06 -0.0159302 1.01101e-05 -0.0159335
62.1407 -6.50645e-06 -0.0158987 1.00902e-05 -0.015902
62.2664 -6.49144e-06 -0.0158673 1.00703e-05 -0.0158706
62.392 -6.47644e-06 -0.015836 1.00504e-05 -0.0158393
62.5177 -6.46145e-06 -0.0158049 1.00304e-05 -0.0158081
62.6434 -6.44648e-06 -0.0157739 1.00104e-05 -0.0157771
62.769 -6.43153e-06 -0.015743 9.99033e-06 -0.0157462
62.8947 -6.41659e-06 -0.0157122 9.97027e-06 -0.0157154
63.0203 -6.40167e-06 -0.0156815 9.95019e-06 -0.0156847
63.146 -6.38676e-06 -0.015651 9.93008e-06 -0.0156542
63.2717 -6.37188e-06 -0.0156205 9.90995e-06 -0.0156238
63.3973 -6.35701e-06 -0.0155902 9.8898e-06 -0.0155934
63.523 -6.34216e-06 -0.01556 9.86962e-06 -0.0155632
63.6487 -6.32732e-06 -0.0155299 9.84944e-06 -0.0155332
63.7743 -6.31251e-06 -0.0155 9.82923e-06 -0.0155032
63.9 -6.29772e-06 -0.0154701 9.80901e-06 -0.0154733
64.0257 -6.28295e-06 -0.0154404 9.78878e-06 -0.0154436
64.1513 -6.26819e-06 -0.0154108 9.76853e-06 -0.015414
64.277 -6.25346e-06 -0.0153813 9.74828e-06 -0.0153845
