-4.0  0.0796453125
-3.98  0.079765625
-3.96  0.08
-3.94  0.080121875
-3.92  0.08045625
-3.9  0.0805875
-3.88  0.080740625
-3.86  0.081046875
-3.84  0.081159375
-3.82  0.081421875
-3.8  0.081634375
-3.78  0.081834375
-3.76  0.08206875
-3.74  0.08226875
-3.72  0.08255625
-3.7  0.082721875
-3.68  0.082828125
-3.66  0.083209375
-3.64  0.083271875
-3.62  0.083721875
-3.6  0.08376875
-3.58  0.084065625
-3.56  0.0842375
-3.54  0.08451875
-3.52  0.084815625
-3.5  0.08495625
-3.48  0.08518125
-3.46  0.08550625
-3.44  0.085690625
-3.42  0.085875
-3.4  0.0861625
-3.38  0.086425
-3.36  0.086703125
-3.34  0.08693125
-3.32  0.087109375
-3.3  0.08745625
-3.28  0.08755
-3.26  0.087940625
-3.24  0.088253125
-3.22  0.088403125
-3.2  0.0887
-3.18  0.088996875
-3.16  0.0891125
-3.14  0.089540625
-3.12  0.089721875
-3.1  0.090078125
-3.08  0.090303125
-3.06  0.0906
-3.04  0.090853125
-3.02  0.0909875
-3.0  0.091540625
-2.98  0.09175625
-2.96  0.09190625
-2.94  0.0922875
-2.92  0.092584375
-2.9  0.092753125
-2.88  0.0932125
-2.86  0.093525
-2.84  0.093728125
-2.82  0.094128125
-2.8  0.0942625
-2.78  0.094659375
-2.76  0.09498125
-2.74  0.095321875
-2.72  0.09559375
-2.7  0.09593125
-2.68  0.096265625
-2.66  0.096540625
-2.64  0.0968
-2.62  0.097425
-2.6  0.09745625
-2.58  0.09796875
-2.56  0.098278125
-2.54  0.0986375
-2.52  0.098884375
-2.5  0.099171875
-2.48  0.099690625
-2.46  0.10005625
-2.44  0.100428125
-2.42  0.100696875
-2.4  0.101065625
-2.38  0.101403125
-2.36  0.101765625
-2.34  0.1022375
-2.32  0.102615625
-2.3  0.10294375
-2.28  0.103415625
-2.26  0.103703125
-2.24  0.104184375
-2.22  0.10454375
-2.2  0.10490625
-2.18  0.10536875
-2.16  0.105796875
-2.14  0.106228125
-2.12  0.106534375
-2.1  0.10701875
-2.08  0.107540625
-2.06  0.10799375
-2.04  0.1082
-2.02  0.10889375
-2.0  0.109309375
-1.98  0.1096
-1.96  0.110234375
-1.94  0.11058125
-1.92  0.111178125
-1.9  0.11150625
-1.88  0.112071875
-1.86  0.11265625
-1.84  0.1129375
-1.82  0.113678125
-1.8  0.114003125
-1.78  0.1146
-1.76  0.1150625
-1.74  0.11570625
-1.72  0.11613125
-1.7  0.1167125
-1.68  0.117275
-1.66  0.117734375
-1.64  0.1183875
-1.62  0.11894375
-1.6  0.1195125
-1.58  0.12004375
-1.56  0.12070625
-1.54  0.121390625
-1.52  0.12195
-1.5  0.1225375
-1.48  0.123196875
-1.46  0.12373125
-1.44  0.1243875
-1.42  0.125278125
-1.4  0.12581875
-1.38  0.12628125
-1.36  0.12736875
-1.34  0.12774375
-1.32  0.128684375
-1.3  0.12921875
-1.28  0.1300375
-1.26  0.130778125
-1.24  0.131653125
-1.22  0.1322375
-1.2  0.13306875
-1.18  0.133971875
-1.16  0.134775
-1.14  0.13558125
-1.12  0.13643125
-1.1  0.137421875
-1.08  0.138171875
-1.06  0.139090625
-1.04  0.139865625
-1.02  0.141015625
-1.0  0.14193125
-0.98  0.142896875
-0.96  0.143865625
-0.94  0.14493125
-0.92  0.145940625
-0.9  0.147115625
-0.88  0.148053125
-0.86  0.1491875
-0.84  0.150475
-0.82  0.151615625
-0.8  0.1527625
-0.78  0.154146875
-0.76  0.15529375
-0.74  0.156546875
-0.72  0.158003125
-0.7  0.15948125
-0.68  0.160865625
-0.66  0.1621375
-0.64  0.163853125
-0.62  0.165409375
-0.6  0.16685625
-0.58  0.16865625
-0.56  0.170496875
-0.54  0.172303125
-0.52  0.17414375
-0.5  0.176071875
-0.48  0.178046875
-0.46  0.18006875
-0.44  0.18259375
-0.42  0.1848125
-0.4  0.187328125
-0.38  0.189684375
-0.36  0.192375
-0.34  0.195578125
-0.32  0.1984125
-0.3  0.20165625
-0.28  0.204890625
-0.26  0.209096875
-0.24  0.213040625
-0.22  0.217371875
-0.2  0.221709375
-0.18  0.227678125
-0.16  0.233484375
-0.14  0.240246875
-0.12  0.247596875
-0.1  0.25746875
-0.08  0.26871875
-0.06  0.283246875
-0.04  0.303596875
-0.02  0.341309375
0.0  0.4243484375
0.02  0.341309375
0.04  0.303596875
0.06  0.283246875
0.08  0.26871875
0.1  0.25746875
0.12  0.247596875
0.14  0.240246875
0.16  0.233484375
0.18  0.227678125
0.2  0.221709375
0.22  0.217371875
0.24  0.213040625
0.26  0.209096875
0.28  0.204890625
0.3  0.20165625
0.32  0.1984125
0.34  0.195578125
0.36  0.192375
0.38  0.189684375
0.4  0.187328125
0.42  0.1848125
0.44  0.18259375
0.46  0.18006875
0.48  0.178046875
0.5  0.176071875
0.52  0.17414375
0.54  0.172303125
0.56  0.170496875
0.58  0.16865625
0.6  0.16685625
0.62  0.165409375
0.64  0.163853125
0.66  0.1621375
0.68  0.160865625
0.7  0.15948125
0.72  0.158003125
0.74  0.156546875
0.76  0.15529375
0.78  0.154146875
0.8  0.1527625
0.82  0.151615625
0.84  0.150475
0.86  0.1491875
0.88  0.148053125
0.9  0.147115625
0.92  0.145940625
0.94  0.14493125
0.96  0.143865625
0.98  0.142896875
1.0  0.14193125
1.02  0.141015625
1.04  0.139865625
1.06  0.139090625
1.08  0.138171875
1.1  0.137421875
1.12  0.13643125
1.14  0.13558125
1.16  0.134775
1.18  0.133971875
1.2  0.13306875
1.22  0.1322375
1.24  0.131653125
1.26  0.130778125
1.28  0.1300375
1.3  0.12921875
1.32  0.128684375
1.34  0.12774375
1.36  0.12736875
1.38  0.12628125
1.4  0.12581875
1.42  0.125278125
1.44  0.1243875
1.46  0.12373125
1.48  0.123196875
1.5  0.1225375
1.52  0.12195
1.54  0.121390625
1.56  0.12070625
1.58  0.12004375
1.6  0.1195125
1.62  0.11894375
1.64  0.1183875
1.66  0.117734375
1.68  0.117275
1.7  0.1167125
1.72  0.11613125
1.74  0.11570625
1.76  0.1150625
1.78  0.1146
1.8  0.114003125
1.82  0.113678125
1.84  0.1129375
1.86  0.11265625
1.88  0.112071875
1.9  0.11150625
1.92  0.111178125
1.94  0.11058125
1.96  0.110234375
1.98  0.1096
2.0  0.109309375
2.02  0.10889375
2.04  0.1082
2.06  0.10799375
2.08  0.107540625
2.1  0.10701875
2.12  0.106534375
2.14  0.106228125
2.16  0.105796875
2.18  0.10536875
2.2  0.10490625
2.22  0.10454375
2.24  0.104184375
2.26  0.103703125
2.28  0.103415625
2.3  0.10294375
2.32  0.102615625
2.34  0.1022375
2.36  0.101765625
2.38  0.101403125
2.4  0.101065625
2.42  0.100696875
2.44  0.100428125
2.46  0.10005625
2.48  0.099690625
2.5  0.099171875
2.52  0.098884375
2.54  0.0986375
2.56  0.098278125
2.58  0.09796875
2.6  0.09745625
2.62  0.097425
2.64  0.0968
2.66  0.096540625
2.68  0.096265625
2.7  0.09593125
2.72  0.09559375
2.74  0.095321875
2.76  0.09498125
2.78  0.094659375
2.8  0.0942625
2.82  0.094128125
2.84  0.093728125
2.86  0.093525
2.88  0.0932125
2.9  0.092753125
2.92  0.092584375
2.94  0.0922875
2.96  0.09190625
2.98  0.09175625
3.0  0.091540625
3.02  0.0909875
3.04  0.090853125
3.06  0.0906
3.08  0.090303125
3.1  0.090078125
3.12  0.089721875
3.14  0.089540625
3.16  0.0891125
3.18  0.088996875
3.2  0.0887
3.22  0.088403125
3.24  0.088253125
3.26  0.087940625
3.28  0.08755
3.3  0.08745625
3.32  0.087109375
3.34  0.08693125
3.36  0.086703125
3.38  0.086425
3.4  0.0861625
3.42  0.085875
3.44  0.085690625
3.46  0.08550625
3.48  0.08518125
3.5  0.08495625
3.52  0.084815625
3.54  0.08451875
3.56  0.0842375
3.58  0.084065625
3.6  0.08376875
3.62  0.083721875
3.64  0.083271875
3.66  0.083209375
3.68  0.082828125
3.7  0.082721875
3.72  0.08255625
3.74  0.08226875
3.76  0.08206875
3.78  0.081834375
3.8  0.081634375
3.82  0.081421875
3.84  0.081159375
3.86  0.081046875
3.88  0.080740625
3.9  0.0805875
3.92  0.08045625
3.94  0.080121875
3.96  0.08
3.98  0.079765625
4.0  0.0796453125
