-3.0  0.13793875
-2.9875  0.13811375
-2.975  0.1384325
-2.9625  0.13865875
-2.95  0.139025
-2.9375  0.13926125
-2.925  0.139615
-2.9125  0.13987375
-2.9  0.140165
-2.8875  0.14049125
-2.875  0.1408275
-2.8625  0.1411125
-2.85  0.141405
-2.8375  0.14171125
-2.825  0.14207125
-2.8125  0.14235
-2.8  0.14265
-2.7875  0.14302375
-2.775  0.143295
-2.7625  0.14368875
-2.75  0.14393875
-2.7375  0.144255
-2.725  0.14464625
-2.7125  0.14497875
-2.7  0.14526
-2.6875  0.1456475
-2.675  0.145965
-2.6625  0.146395
-2.65  0.14663625
-2.6375  0.1470675
-2.625  0.14732
-2.6125  0.14773125
-2.6  0.14808875
-2.5875  0.1484625
-2.575  0.14879625
-2.5625  0.149155
-2.55  0.14959625
-2.5375  0.14989125
-2.525  0.15024
-2.5125  0.15068625
-2.5  0.15106875
-2.4875  0.15148625
-2.475  0.1517675
-2.4625  0.152285
-2.45  0.15256375
-2.4375  0.15306125
-2.425  0.15339
-2.4125  0.1538475
-2.4  0.154195
-2.3875  0.15465375
-2.375  0.15509625
-2.3625  0.15540375
-2.35  0.155925
-2.3375  0.15636875
-2.325  0.15673875
-2.3125  0.1572175
-2.3  0.15763625
-2.2875  0.15806
-2.275  0.15854125
-2.2625  0.1590225
-2.25  0.159435
-2.2375  0.15991
-2.225  0.1604425
-2.2125  0.1607775
-2.2  0.16142625
-2.1875  0.16183
-2.175  0.16229
-2.1625  0.16281875
-2.15  0.16329
-2.1375  0.16381
-2.125  0.16436
-2.1125  0.1648375
-2.1  0.16538125
-2.0875  0.16591
-2.075  0.166425
-2.0625  0.1670575
-2.05  0.1674875
-2.0375  0.16808
-2.025  0.1686225
-2.0125  0.16926
-2.0  0.16974
-1.9875  0.1705425
-1.975  0.170965
-1.9625  0.1715625
-1.95  0.17224125
-1.9375  0.172845
-1.925  0.17345
-1.9125  0.1740375
-1.9  0.17478
-1.8875  0.17542625
-1.875  0.17605875
-1.8625  0.176775
-1.85  0.17737125
-1.8375  0.178245
-1.825  0.17875125
-1.8125  0.179695
-1.8  0.18028625
-1.7875  0.18100125
-1.775  0.18185875
-1.7625  0.18267375
-1.75  0.18335125
-1.7375  0.18415875
-1.725  0.18501125
-1.7125  0.18582875
-1.7  0.18674125
-1.6875  0.18763125
-1.675  0.18849375
-1.6625  0.18937875
-1.65  0.19025625
-1.6375  0.19129625
-1.625  0.19218875
-1.6125  0.193195
-1.6  0.19421625
-1.5875  0.19521125
-1.575  0.1963775
-1.5625  0.19740625
-1.55  0.198375
-1.5375  0.199785
-1.525  0.2007725
-1.5125  0.20205375
-1.5  0.20334875
-1.4875  0.20452125
-1.475  0.20595125
-1.4625  0.20714375
-1.45  0.20869875
-1.4375  0.21010375
-1.425  0.21156125
-1.4125  0.2132025
-1.4  0.21469375
-1.3875  0.2164775
-1.375  0.21810625
-1.3625  0.21986375
-1.35  0.22195625
-1.3375  0.223755
-1.325  0.225785
-1.3125  0.2279125
-1.3  0.23016375
-1.2875  0.2324575
-1.275  0.23503875
-1.2625  0.23751625
-1.25  0.2403275
-1.2375  0.2432375
-1.225  0.246295
-1.2125  0.249695
-1.2  0.25310875
-1.1875  0.2570275
-1.175  0.2611275
-1.1625  0.2655075
-1.15  0.27046625
-1.1375  0.27573125
-1.125  0.28178625
-1.1125  0.288465
-1.1  0.29596625
-1.0875  0.30451375
-1.075  0.31485625
-1.0625  0.3270775
-1.05  0.34242625
-1.0375  0.3625225
-1.025  0.3916975
-1.0125  0.44463875
-1.0  0.567054375
-0.9875  0.43866375
-0.975  0.3811325
-0.9625  0.34787125
-0.95  0.3238525
-0.9375  0.3049175
-0.925  0.28926625
-0.9125  0.275855
-0.9  0.26401125
-0.8875  0.25355
-0.875  0.24391
-0.8625  0.2352925
-0.85  0.2270825
-0.8375  0.2195925
-0.825  0.21255375
-0.8125  0.205995
-0.8  0.1996375
-0.7875  0.19369
-0.775  0.187935
-0.7625  0.18263
-0.75  0.17736375
-0.7375  0.1724575
-0.725  0.16758125
-0.7125  0.16299625
-0.7  0.1585225
-0.6875  0.1542225
-0.675  0.14997375
-0.6625  0.14590125
-0.65  0.14203875
-0.6375  0.138105
-0.625  0.13423125
-0.6125  0.13063375
-0.6  0.127075
-0.5875  0.123645
-0.575  0.12000125
-0.5625  0.1167825
-0.55  0.1135475
-0.5375  0.11005875
-0.525  0.10706625
-0.5125  0.10396125
-0.5  0.100775
-0.4875  0.09786125
-0.475  0.09481375
-0.4625  0.09193875
-0.45  0.08894625
-0.4375  0.086225
-0.425  0.083305
-0.4125  0.080635
-0.4  0.07779625
-0.3875  0.07516
-0.375  0.07239625
-0.3625  0.06976125
-0.35  0.06715
-0.3375  0.06456625
-0.325  0.061965
-0.3125  0.0594125
-0.3  0.0568675
-0.2875  0.0543925
-0.275  0.05183
-0.2625  0.04941625
-0.25  0.04688375
-0.2375  0.04448
-0.225  0.04212375
-0.2125  0.03964
-0.2  0.03724125
-0.1875  0.0349175
-0.175  0.032475
-0.1625  0.0301525
-0.15  0.0277325
-0.1375  0.0254375
-0.125  0.0230675
-0.1125  0.02077875
-0.1  0.01843375
-0.0875  0.01615125
-0.075  0.01379625
-0.0625  0.01150375
-0.05  0.0091925
-0.0375  0.00690625
-0.025  0.00459375
-0.0125  0.00229375
0.0  0.0
0.0125  0.00229375
0.025  0.00459375
0.0375  0.00690625
0.05  0.0091925
0.0625  0.01150375
0.075  0.01379625
0.0875  0.01615125
0.1  0.01843375
0.1125  0.02077875
0.125  0.0230675
0.1375  0.0254375
0.15  0.0277325
0.1625  0.0301525
0.175  0.032475
0.1875  0.0349175
0.2  0.03724125
0.2125  0.03964
0.225  0.04212375
0.2375  0.04448
0.25  0.04688375
0.2625  0.04941625
0.275  0.05183
0.2875  0.0543925
0.3  0.0568675
0.3125  0.0594125
0.325  0.061965
0.3375  0.06456625
0.35  0.06715
0.3625  0.06976125
0.375  0.07239625
0.3875  0.07516
0.4  0.07779625
0.4125  0.080635
0.425  0.083305
0.4375  0.086225
0.45  0.08894625
0.4625  0.09193875
0.475  0.09481375
0.4875  0.09786125
0.5  0.100775
0.5125  0.10396125
0.525  0.10706625
0.5375  0.11005875
0.55  0.1135475
0.5625  0.1167825
0.575  0.12000125
0.5875  0.123645
0.6  0.127075
0.6125  0.13063375
0.625  0.13423125
0.6375  0.138105
0.65  0.14203875
0.6625  0.14590125
0.675  0.14997375
0.6875  0.1542225
0.7  0.1585225
0.7125  0.16299625
0.725  0.16758125
0.7375  0.1724575
0.75  0.17736375
0.7625  0.18263
0.775  0.187935
0.7875  0.19369
0.8  0.1996375
0.8125  0.205995
0.825  0.21255375
0.8375  0.2195925
0.85  0.2270825
0.8625  0.2352925
0.875  0.24391
0.8875  0.25355
0.9  0.26401125
0.9125  0.275855
0.925  0.28926625
0.9375  0.3049175
0.95  0.3238525
0.9625  0.34787125
0.975  0.3811325
0.9875  0.43866375
1.0  0.567054375
1.0125  0.44463875
1.025  0.3916975
1.0375  0.3625225
1.05  0.34242625
1.0625  0.3270775
1.075  0.31485625
1.0875  0.30451375
1.1  0.29596625
1.1125  0.288465
1.125  0.28178625
1.1375  0.27573125
1.15  0.27046625
1.1625  0.2655075
1.175  0.2611275
1.1875  0.2570275
1.2  0.25310875
1.2125  0.249695
1.225  0.246295
1.2375  0.2432375
1.25  0.2403275
1.2625  0.23751625
1.275  0.23503875
1.2875  0.2324575
1.3  0.23016375
1.3125  0.2279125
1.325  0.225785
1.3375  0.223755
1.35  0.22195625
1.3625  0.21986375
1.375  0.21810625
1.3875  0.2164775
1.4  0.21469375
1.4125  0.2132025
1.425  0.21156125
1.4375  0.21010375
1.45  0.20869875
1.4625  0.20714375
1.475  0.20595125
1.4875  0.20452125
1.5  0.20334875
1.5125  0.20205375
1.525  0.2007725
1.5375  0.199785
1.55  0.198375
1.5625  0.19740625
1.575  0.1963775
1.5875  0.19521125
1.6  0.19421625
1.6125  0.193195
1.625  0.19218875
1.6375  0.19129625
1.65  0.19025625
1.6625  0.18937875
1.675  0.18849375
1.6875  0.18763125
1.7  0.18674125
1.7125  0.18582875
1.725  0.18501125
1.7375  0.18415875
1.75  0.18335125
1.7625  0.18267375
1.775  0.18185875
1.7875  0.18100125
1.8  0.18028625
1.8125  0.179695
1.825  0.17875125
1.8375  0.178245
1.85  0.17737125
1.8625  0.176775
1.875  0.17605875
1.8875  0.17542625
1.9  0.17478
1.9125  0.1740375
1.925  0.17345
1.9375  0.172845
1.95  0.17224125
1.9625  0.1715625
1.975  0.170965
1.9875  0.1705425
2.0  0.16974
2.0125  0.16926
2.025  0.1686225
2.0375  0.16808
2.05  0.1674875
2.0625  0.1670575
2.075  0.166425
2.0875  0.16591
2.1  0.16538125
2.1125  0.1648375
2.125  0.16436
2.1375  0.16381
2.15  0.16329
2.1625  0.16281875
2.175  0.16229
2.1875  0.16183
2.2  0.16142625
2.2125  0.1607775
2.225  0.1604425
2.2375  0.15991
2.25  0.159435
2.2625  0.1590225
2.275  0.15854125
2.2875  0.15806
2.3  0.15763625
2.3125  0.1572175
2.325  0.15673875
2.3375  0.15636875
2.35  0.155925
2.3625  0.15540375
2.375  0.15509625
2.3875  0.15465375
2.4  0.154195
2.4125  0.1538475
2.425  0.15339
2.4375  0.15306125
2.45  0.15256375
2.4625  0.152285
2.475  0.1517675
2.4875  0.15148625
2.5  0.15106875
2.5125  0.15068625
2.525  0.15024
2.5375  0.14989125
2.55  0.14959625
2.5625  0.149155
2.575  0.14879625
2.5875  0.1484625
2.6  0.14808875
2.6125  0.14773125
2.625  0.14732
2.6375  0.1470675
2.65  0.14663625
2.6625  0.146395
2.675  0.145965
2.6875  0.1456475
2.7  0.14526
2.7125  0.14497875
2.725  0.14464625
2.7375  0.144255
2.75  0.14393875
2.7625  0.14368875
2.775  0.143295
2.7875  0.14302375
2.8  0.14265
2.8125  0.14235
2.825  0.14207125
2.8375  0.14171125
2.85  0.141405
2.8625  0.1411125
2.875  0.1408275
2.8875  0.14049125
2.9  0.140165
2.9125  0.13987375
2.925  0.139615
2.9375  0.13926125
2.95  0.139025
2.9625  0.13865875
2.975  0.1384325
2.9875  0.13811375
3.0  0.13793875
