-2.0  0.0
-1.99  0.0317911749835
-1.98  0.0449031352411
-1.97  0.0549257520927
-1.96  0.0633428675719
-1.95  0.0707300038339
-1.94  0.0773826980226
-1.93  0.0834767297215
-1.92  0.0891267681315
-1.91  0.0944125581209
-1.9  0.0993922301044
-1.89  0.104109719144
-1.88  0.108599197861
-1.87  0.11288787301
-1.86  0.116997828655
-1.85  0.120947285577
-1.84  0.124751488197
-1.83  0.128423345492
-1.82  0.131973904497
-1.81  0.135412706973
-1.8  0.138748062661
-1.79  0.141987261806
-1.78  0.145136742692
-1.77  0.148202225301
-1.76  0.151188819129
-1.75  0.154101111015
-1.74  0.156943237329
-1.73  0.159718943809
-1.72  0.162431635529
-1.71  0.16508441892
-1.7  0.167680137347
-1.69  0.170221401393
-1.68  0.172710614799
-1.67  0.175149996795
-1.66  0.17754160141
-1.65  0.179887334256
-1.64  0.182188967178
-1.63  0.184448151082
-1.62  0.186666427229
-1.61  0.188845237198
-1.6  0.19098593171
-1.59  0.193089778473
-1.58  0.195157969172
-1.57  0.197191625716
-1.56  0.199191805841
-1.55  0.201159508145
-1.54  0.203095676618
-1.53  0.205001204741
-1.52  0.206876939195
-1.51  0.208723683219
-1.5  0.210542199674
-1.49  0.21233321382
-1.48  0.214097415864
-1.47  0.21583546328
-1.46  0.217547982936
-1.45  0.219235573049
-1.44  0.220898804981
-1.43  0.222538224885
-1.42  0.224154355229
-1.41  0.225747696206
-1.4  0.227318727028
-1.39  0.228867907129
-1.38  0.230395677282
-1.37  0.231902460633
-1.36  0.233388663662
-1.35  0.234854677078
-1.34  0.236300876649
-1.33  0.237727623986
-1.32  0.23913526726
-1.31  0.240524141886
-1.3  0.241894571153
-1.29  0.24324686682
-1.28  0.244581329669
-1.27  0.245898250031
-1.26  0.247197908273
-1.25  0.248480575261
-1.24  0.249746512789
-1.23  0.25099597399
-1.22  0.25222920372
-1.21  0.253446438917
-1.2  0.254647908947
-1.19  0.255833835924
-1.18  0.257004435013
-1.17  0.258159914724
-1.16  0.259300477179
-1.15  0.260426318372
-1.14  0.261537628415
-1.13  0.26263459177
-1.12  0.263717387466
-1.11  0.264786189313
-1.1  0.265841166095
-1.09  0.266882481761
-1.08  0.267910295607
-1.07  0.268924762442
-1.06  0.269926032752
-1.05  0.270914252857
-1.04  0.271889565054
-1.03  0.272852107763
-1.02  0.273802015655
-1.01  0.274739419785
-1.0  0.275664447711
-0.99  0.276577223611
-0.98  0.277477868396
-0.97  0.278366499816
-0.96  0.279243232561
-0.95  0.280108178358
-0.94  0.280961446066
-0.93  0.281803141766
-0.92  0.282633368843
-0.91  0.283452228072
-0.9  0.284259817693
-0.89  0.28505623349
-0.88  0.285841568861
-0.87  0.286615914889
-0.86  0.287379360405
-0.85  0.288131992057
-0.84  0.288873894369
-0.83  0.289605149798
-0.82  0.290325838795
-0.81  0.291036039857
-0.8  0.291735829578
-0.79  0.292425282704
-0.78  0.293104472177
-0.77  0.293773469185
-0.76  0.294432343204
-0.75  0.295081162043
-0.74  0.295719991887
-0.73  0.296348897335
-0.72  0.296967941439
-0.71  0.297577185741
-0.7  0.298176690313
-0.69  0.298766513785
-0.68  0.299346713383
-0.67  0.29991734496
-0.66  0.300478463028
-0.65  0.301030120785
-0.64  0.301572370149
-0.63  0.30210526178
-0.62  0.302628845113
-0.61  0.303143168378
-0.6  0.303648278629
-0.59  0.30414422177
-0.58  0.304631042571
-0.57  0.3051087847
-0.56  0.305577490736
-0.55  0.306037202198
-0.54  0.306487959559
-0.53  0.306929802269
-0.52  0.307362768774
-0.51  0.307786896531
-0.5  0.308202222031
-0.49  0.308608780812
-0.48  0.309006607477
-0.47  0.30939573571
-0.46  0.309776198291
-0.45  0.31014802711
-0.44  0.310511253184
-0.43  0.310865906668
-0.42  0.311212016869
-0.41  0.311549612261
-0.4  0.311878720493
-0.39  0.312199368408
-0.38  0.312511582046
-0.37  0.312815386661
-0.36  0.313110806732
-0.35  0.313397865968
-0.34  0.313676587324
-0.33  0.313946993006
-0.32  0.314209104485
-0.31  0.314462942499
-0.3  0.31470852707
-0.29  0.314945877503
-0.28  0.315175012403
-0.27  0.315395949674
-0.26  0.315608706532
-0.25  0.315813299511
-0.24  0.316009744467
-0.23  0.316198056586
-0.22  0.316378250391
-0.21  0.316550339745
-0.2  0.31671433786
-0.19  0.316870257298
-0.18  0.317018109979
-0.17  0.317157907186
-0.16  0.317289659565
-0.15  0.317413377135
-0.14  0.317529069287
-0.13  0.317636744791
-0.12  0.317736411796
-0.11  0.317828077837
-0.1  0.317911749835
-0.09  0.3179874341
-0.08  0.318055136334
-0.07  0.318114861634
-0.06  0.318166614492
-0.05  0.318210398797
-0.04  0.318246217839
-0.03  0.318274074307
-0.02  0.318293970292
-0.01  0.318305907285
0.0  0.318309886184
0.01  0.318305907285
0.02  0.318293970292
0.03  0.318274074307
0.04  0.318246217839
0.05  0.318210398797
0.06  0.318166614492
0.07  0.318114861634
0.08  0.318055136334
0.09  0.3179874341
0.1  0.317911749835
0.11  0.317828077837
0.12  0.317736411796
0.13  0.317636744791
0.14  0.317529069287
0.15  0.317413377135
0.16  0.317289659565
0.17  0.317157907186
0.18  0.317018109979
0.19  0.316870257298
0.2  0.31671433786
0.21  0.316550339745
0.22  0.316378250391
0.23  0.316198056586
0.24  0.316009744467
0.25  0.315813299511
0.26  0.315608706532
0.27  0.315395949674
0.28  0.315175012403
0.29  0.314945877503
0.3  0.31470852707
0.31  0.314462942499
0.32  0.314209104485
0.33  0.313946993006
0.34  0.313676587324
0.35  0.313397865968
0.36  0.313110806732
0.37  0.312815386661
0.38  0.312511582046
0.39  0.312199368408
0.4  0.311878720493
0.41  0.311549612261
0.42  0.311212016869
0.43  0.310865906668
0.44  0.310511253184
0.45  0.31014802711
0.46  0.309776198291
0.47  0.30939573571
0.48  0.309006607477
0.49  0.308608780812
0.5  0.308202222031
0.51  0.307786896531
0.52  0.307362768774
0.53  0.306929802269
0.54  0.306487959559
0.55  0.306037202198
0.56  0.305577490736
0.57  0.3051087847
0.58  0.304631042571
0.59  0.30414422177
0.6  0.303648278629
0.61  0.303143168378
0.62  0.302628845113
0.63  0.30210526178
0.64  0.301572370149
0.65  0.301030120785
0.66  0.300478463028
0.67  0.29991734496
0.68  0.299346713383
0.69  0.298766513785
0.7  0.298176690313
0.71  0.297577185741
0.72  0.296967941439
0.73  0.296348897335
0.74  0.295719991887
0.75  0.295081162043
0.76  0.294432343204
0.77  0.293773469185
0.78  0.293104472177
0.79  0.292425282704
0.8  0.291735829578
0.81  0.291036039857
0.82  0.290325838795
0.83  0.289605149798
0.84  0.288873894369
0.85  0.288131992057
0.86  0.287379360405
0.87  0.286615914889
0.88  0.285841568861
0.89  0.28505623349
0.9  0.284259817693
0.91  0.283452228072
0.92  0.282633368843
0.93  0.281803141766
0.94  0.280961446066
0.95  0.280108178358
0.96  0.279243232561
0.97  0.278366499816
0.98  0.277477868396
0.99  0.276577223611
1.0  0.275664447711
1.01  0.274739419785
1.02  0.273802015655
1.03  0.272852107763
1.04  0.271889565054
1.05  0.270914252857
1.06  0.269926032752
1.07  0.268924762442
1.08  0.267910295607
1.09  0.266882481761
1.1  0.265841166095
1.11  0.264786189313
1.12  0.263717387466
1.13  0.26263459177
1.14  0.261537628415
1.15  0.260426318372
1.16  0.259300477179
1.17  0.258159914724
1.18  0.257004435013
1.19  0.255833835924
1.2  0.254647908947
1.21  0.253446438917
1.22  0.25222920372
1.23  0.25099597399
1.24  0.249746512789
1.25  0.248480575261
1.26  0.247197908273
1.27  0.245898250031
1.28  0.244581329669
1.29  0.24324686682
1.3  0.241894571153
1.31  0.240524141886
1.32  0.23913526726
1.33  0.237727623986
1.34  0.236300876649
1.35  0.234854677078
1.36  0.233388663662
1.37  0.231902460633
1.38  0.230395677282
1.39  0.228867907129
1.4  0.227318727028
1.41  0.225747696206
1.42  0.224154355229
1.43  0.222538224885
1.44  0.220898804981
1.45  0.219235573049
1.46  0.217547982936
1.47  0.21583546328
1.48  0.214097415864
1.49  0.21233321382
1.5  0.210542199674
1.51  0.208723683219
1.52  0.206876939195
1.53  0.205001204741
1.54  0.203095676618
1.55  0.201159508145
1.56  0.199191805841
1.57  0.197191625716
1.58  0.195157969172
1.59  0.193089778473
1.6  0.19098593171
1.61  0.188845237198
1.62  0.186666427229
1.63  0.184448151082
1.64  0.182188967178
1.65  0.179887334256
1.66  0.17754160141
1.67  0.175149996795
1.68  0.172710614799
1.69  0.170221401393
1.7  0.167680137347
1.71  0.16508441892
1.72  0.162431635529
1.73  0.159718943809
1.74  0.156943237329
1.75  0.154101111015
1.76  0.151188819129
1.77  0.148202225301
1.78  0.145136742692
1.79  0.141987261806
1.8  0.138748062661
1.81  0.135412706973
1.82  0.131973904497
1.83  0.128423345492
1.84  0.124751488197
1.85  0.120947285577
1.86  0.116997828655
1.87  0.11288787301
1.88  0.108599197861
1.89  0.104109719144
1.9  0.0993922301044
1.91  0.0944125581209
1.92  0.0891267681315
1.93  0.0834767297215
1.94  0.0773826980226
1.95  0.0707300038339
1.96  0.0633428675719
1.97  0.0549257520927
1.98  0.0449031352411
1.99  0.0317911749835
2.0  0.0
