-6.0  0.00189236111111
-5.975  0.00397933813443
-5.95  0.00568758573388
-5.925  0.00694830246914
-5.9  0.00815200617284
-5.875  0.00910279492455
-5.85  0.0100068587106
-5.825  0.0107643175583
-5.8  0.0116548782579
-5.775  0.0123647548011
-5.75  0.0130797753772
-5.725  0.0137759344993
-5.7  0.0143908607682
-5.675  0.0150336505487
-5.65  0.0156723679698
-5.625  0.0163228737997
-5.6  0.0168128429355
-5.575  0.0175190757888
-5.55  0.0179612482853
-5.525  0.0186029663923
-5.5  0.0190775034294
-5.475  0.0196246999314
-5.45  0.0202074759945
-5.425  0.0207235939643
-5.4  0.0211981310014
-5.375  0.0217446844993
-5.35  0.0221999314129
-5.325  0.0227664180384
-5.3  0.0232287379973
-5.275  0.0237817215364
-5.25  0.0242601165981
-5.225  0.0247526577503
-5.2  0.0252169067215
-5.175  0.0255892061043
-5.15  0.0262199931413
-5.125  0.0266160836763
-5.1  0.027127914952
-5.075  0.0276112397119
-5.05  0.0281567215364
-5.025  0.028539951989
-5.0  0.0288891032236
-4.975  0.0295096021948
-4.95  0.0298954046639
-4.925  0.0304503172154
-4.9  0.0308976337449
-4.875  0.0313942472565
-4.85  0.0318732853224
-4.825  0.0322333676269
-4.8  0.032775420096
-4.775  0.0331944444444
-4.75  0.033662765775
-4.725  0.0341778120713
-4.7  0.0346246999314
-4.675  0.035052297668
-4.65  0.0356269290123
-4.625  0.036039951989
-4.6  0.0364173954047
-4.575  0.0371193415638
-4.55  0.0374333419067
-4.525  0.0380075445816
-4.5  0.0382512431413
-4.475  0.0389197530864
-4.45  0.0394305126886
-4.425  0.0397436556927
-4.4  0.0404477451989
-4.375  0.0407124485597
-4.35  0.0413119427298
-4.325  0.041698388203
-4.3  0.0423990483539
-4.275  0.0428165723594
-4.25  0.043227451989
-4.225  0.0438753858025
-4.2  0.0442626886145
-4.175  0.0446735682442
-4.15  0.0453755144033
-4.125  0.0457306670096
-4.1  0.0461910579561
-4.075  0.0469045781893
-4.05  0.0473124571331
-4.025  0.0479046639232
-4.0  0.0483378343621
-3.975  0.048936042524
-3.95  0.0494618055556
-3.925  0.0497963820302
-3.9  0.0506869427298
-3.875  0.0509175668724
-3.85  0.0516932441701
-3.825  0.0522455847051
-3.8  0.0526658950617
-3.775  0.0533746999314
-3.75  0.0536368312757
-3.725  0.0545346793553
-3.7  0.0550773748285
-3.675  0.0555439814815
-3.65  0.055967292524
-3.625  0.056674382716
-3.6  0.0574924982853
-3.575  0.0578943758573
-3.55  0.0586323302469
-3.525  0.0590286351166
-3.5  0.0597755915638
-3.475  0.0604458161866
-3.45  0.0611614797668
-3.425  0.0614274691358
-3.4  0.0624873542524
-3.375  0.0629681069959
-3.35  0.0635097307956
-3.325  0.0643467078189
-3.3  0.0649719221536
-3.275  0.0656387174211
-3.25  0.0661914866255
-3.225  0.0671459190672
-3.2  0.0677179783951
-3.175  0.0685836762689
-3.15  0.0690239197531
-3.125  0.0702985682442
-3.1  0.0703017832647
-3.075  0.071606867284
-3.05  0.0721240569273
-3.025  0.0729886831276
-3.0  0.0737502143347
-2.975  0.0747222222222
-2.95  0.0751718964335
-2.925  0.0763162294239
-2.9  0.0771716392318
-2.875  0.0777914951989
-2.85  0.0788978909465
-2.825  0.0796941443759
-2.8  0.0807201646091
-2.775  0.0813537379973
-2.75  0.0827199074074
-2.725  0.0831001371742
-2.7  0.0845216049383
-2.675  0.0854130229767
-2.65  0.0864943415638
-2.625  0.0874005486968
-2.6  0.0886342592593
-2.575  0.0896909293553
-2.55  0.0906275720165
-2.525  0.092071973594
-2.5  0.0929085219479
-2.475  0.0947145061728
-2.45  0.095481824417
-2.425  0.0972408693416
-2.4  0.0981682956104
-2.375  0.0996990740741
-2.35  0.101269504458
-2.325  0.102251157407
-2.3  0.104613768861
-2.275  0.105620498971
-2.25  0.107923311043
-2.225  0.109171167695
-2.2  0.111575574417
-2.175  0.113686985597
-2.15  0.115691443759
-2.125  0.118423353909
-2.1  0.120480538409
-2.075  0.124714506173
-2.05  0.127363254458
-2.025  0.133487654321
-2.0  0.14067761917
-1.975  0.146071244856
-1.95  0.143754715364
-1.925  0.145474537037
-1.9  0.143871742112
-1.875  0.143962191358
-1.85  0.144850394376
-1.825  0.1447968107
-1.8  0.144164951989
-1.775  0.144363425926
-1.75  0.144038923182
-1.725  0.144045781893
-1.7  0.143797153635
-1.675  0.144444444444
-1.65  0.143663408779
-1.625  0.144210390947
-1.6  0.143529663923
-1.575  0.144547325103
-1.55  0.143730281207
-1.525  0.143957047325
-1.5  0.143415209191
-1.475  0.144189814815
-1.45  0.143557956104
-1.425  0.143373199588
-1.4  0.143991340878
-1.375  0.143693415638
-1.35  0.143717421125
-1.325  0.14260159465
-1.3  0.14394633059
-1.275  0.143307613169
-1.25  0.143584962277
-1.225  0.14335776749
-1.2  0.143642832647
-1.175  0.142928240741
-1.15  0.143664694787
-1.125  0.143238168724
-1.1  0.143295610425
-1.075  0.14316100823
-1.05  0.143188871742
-1.025  0.143652263374
-1.0  0.142352966392
-0.975  0.143719135802
-0.95  0.143037122771
-0.925  0.142946244856
-0.9  0.143148148148
-0.875  0.143055126886
-0.85  0.142907664609
-0.825  0.143717421125
-0.8  0.142295524691
-0.775  0.143501371742
-0.75  0.142363683128
-0.725  0.143203017833
-0.7  0.142696759259
-0.675  0.142927812071
-0.65  0.142692901235
-0.625  0.143367626886
-0.6  0.142341820988
-0.575  0.143395919067
-0.55  0.14208590535
-0.525  0.143725137174
-0.5  0.141534207819
-0.475  0.144018347051
-0.45  0.141639660494
-0.425  0.143874314129
-0.4  0.141994598765
-0.375  0.143514231824
-0.35  0.142190072016
-0.325  0.143034550754
-0.3  0.142606738683
-0.275  0.141670524691
-0.25  0.14367755487
-0.225  0.141917438272
-0.2  0.143819015775
-0.175  0.142046039095
-0.15  0.14348851166
-0.125  0.141904578189
-0.1  0.142106052812
-0.075  0.143611111111
-0.05  0.14180255487
-0.025  0.143775720165
0.0  0.141763974623
0.025  0.143775720165
0.05  0.14180255487
0.075  0.143611111111
0.1  0.142106052812
0.125  0.141904578189
0.15  0.14348851166
0.175  0.142046039095
0.2  0.143819015775
0.225  0.141917438272
0.25  0.14367755487
0.275  0.141670524691
0.3  0.142606738683
0.325  0.143034550754
0.35  0.142190072016
0.375  0.143514231824
0.4  0.141994598765
0.425  0.143874314129
0.45  0.141639660494
0.475  0.144018347051
0.5  0.141534207819
0.525  0.143725137174
0.55  0.14208590535
0.575  0.143395919067
0.6  0.142341820988
0.625  0.143367626886
0.65  0.142692901235
0.675  0.142927812071
0.7  0.142696759259
0.725  0.143203017833
0.75  0.142363683128
0.775  0.143501371742
0.8  0.142295524691
0.825  0.143717421125
0.85  0.142907664609
0.875  0.143055126886
0.9  0.143148148148
0.925  0.142946244856
0.95  0.143037122771
0.975  0.143719135802
1.0  0.142352966392
1.025  0.143652263374
1.05  0.143188871742
1.075  0.14316100823
1.1  0.143295610425
1.125  0.143238168724
1.15  0.143664694787
1.175  0.142928240741
1.2  0.143642832647
1.225  0.14335776749
1.25  0.143584962277
1.275  0.143307613169
1.3  0.14394633059
1.325  0.14260159465
1.35  0.143717421125
1.375  0.143693415638
1.4  0.143991340878
1.425  0.143373199588
1.45  0.143557956104
1.475  0.144189814815
1.5  0.143415209191
1.525  0.143957047325
1.55  0.143730281207
1.575  0.144547325103
1.6  0.143529663923
1.625  0.144210390947
1.65  0.143663408779
1.675  0.144444444444
1.7  0.143797153635
1.725  0.144045781893
1.75  0.144038923182
1.775  0.144363425926
1.8  0.144164951989
1.825  0.1447968107
1.85  0.144850394376
1.875  0.143962191358
1.9  0.143871742112
1.925  0.145474537037
1.95  0.143754715364
1.975  0.146071244856
2.0  0.14067761917
2.025  0.133487654321
2.05  0.127363254458
2.075  0.124714506173
2.1  0.120480538409
2.125  0.118423353909
2.15  0.115691443759
2.175  0.113686985597
2.2  0.111575574417
2.225  0.109171167695
2.25  0.107923311043
2.275  0.105620498971
2.3  0.104613768861
2.325  0.102251157407
2.35  0.101269504458
2.375  0.0996990740741
2.4  0.0981682956104
2.425  0.0972408693416
2.45  0.095481824417
2.475  0.0947145061728
2.5  0.0929085219479
2.525  0.092071973594
2.55  0.0906275720165
2.575  0.0896909293553
2.6  0.0886342592593
2.625  0.0874005486968
2.65  0.0864943415638
2.675  0.0854130229767
2.7  0.0845216049383
2.725  0.0831001371742
2.75  0.0827199074074
2.775  0.0813537379973
2.8  0.0807201646091
2.825  0.0796941443759
2.85  0.0788978909465
2.875  0.0777914951989
2.9  0.0771716392318
2.925  0.0763162294239
2.95  0.0751718964335
2.975  0.0747222222222
3.0  0.0737502143347
3.025  0.0729886831276
3.05  0.0721240569273
3.075  0.071606867284
3.1  0.0703017832647
3.125  0.0702985682442
3.15  0.0690239197531
3.175  0.0685836762689
3.2  0.0677179783951
3.225  0.0671459190672
3.25  0.0661914866255
3.275  0.0656387174211
3.3  0.0649719221536
3.325  0.0643467078189
3.35  0.0635097307956
3.375  0.0629681069959
3.4  0.0624873542524
3.425  0.0614274691358
3.45  0.0611614797668
3.475  0.0604458161866
3.5  0.0597755915638
3.525  0.0590286351166
3.55  0.0586323302469
3.575  0.0578943758573
3.6  0.0574924982853
3.625  0.056674382716
3.65  0.055967292524
3.675  0.0555439814815
3.7  0.0550773748285
3.725  0.0545346793553
3.75  0.0536368312757
3.775  0.0533746999314
3.8  0.0526658950617
3.825  0.0522455847051
3.85  0.0516932441701
3.875  0.0509175668724
3.9  0.0506869427298
3.925  0.0497963820302
3.95  0.0494618055556
3.975  0.048936042524
4.0  0.0483378343621
4.025  0.0479046639232
4.05  0.0473124571331
4.075  0.0469045781893
4.1  0.0461910579561
4.125  0.0457306670096
4.15  0.0453755144033
4.175  0.0446735682442
4.2  0.0442626886145
4.225  0.0438753858025
4.25  0.043227451989
4.275  0.0428165723594
4.3  0.0423990483539
4.325  0.041698388203
4.35  0.0413119427298
4.375  0.0407124485597
4.4  0.0404477451989
4.425  0.0397436556927
4.45  0.0394305126886
4.475  0.0389197530864
4.5  0.0382512431413
4.525  0.0380075445816
4.55  0.0374333419067
4.575  0.0371193415638
4.6  0.0364173954047
4.625  0.036039951989
4.65  0.0356269290123
4.675  0.035052297668
4.7  0.0346246999314
4.725  0.0341778120713
4.75  0.033662765775
4.775  0.0331944444444
4.8  0.032775420096
4.825  0.0322333676269
4.85  0.0318732853224
4.875  0.0313942472565
4.9  0.0308976337449
4.925  0.0304503172154
4.95  0.0298954046639
4.975  0.0295096021948
5.0  0.0288891032236
5.025  0.028539951989
5.05  0.0281567215364
5.075  0.0276112397119
5.1  0.027127914952
5.125  0.0266160836763
5.15  0.0262199931413
5.175  0.0255892061043
5.2  0.0252169067215
5.225  0.0247526577503
5.25  0.0242601165981
5.275  0.0237817215364
5.3  0.0232287379973
5.325  0.0227664180384
5.35  0.0221999314129
5.375  0.0217446844993
5.4  0.0211981310014
5.425  0.0207235939643
5.45  0.0202074759945
5.475  0.0196246999314
5.5  0.0190775034294
5.525  0.0186029663923
5.55  0.0179612482853
5.575  0.0175190757888
5.6  0.0168128429355
5.625  0.0163228737997
5.65  0.0156723679698
5.675  0.0150336505487
5.7  0.0143908607682
5.725  0.0137759344993
5.75  0.0130797753772
5.775  0.0123647548011
5.8  0.0116548782579
5.825  0.0107643175583
5.85  0.0100068587106
5.875  0.00910279492455
5.9  0.00815200617284
5.925  0.00694830246914
5.95  0.00568758573388
5.975  0.00397933813443
6.0  0.00189236111111
